1 40(125)
1 49(97)
2 40 49(96)
2 40(162)
2 49(141)
3 40 49(183)
3 33(92)
3 39(105)
3 40(323)
3 49(263)
6 40 49(99)
6 40(160)
6 49(158)
7 40(99)
7 49(97)
10 33 40 49(109)
10 33 40(155)
10 33 49(154)
10 39 40 49(106)
10 39 40(153)
10 39 49(129)
10 40 42 49(191)
10 40 42(238)
10 40 49(546)
10 42 49(231)
10 33(250)
10 39(198)
10 40(830)
10 42(306)
10 49(789)
10 66(136)
10 90(110)
10 102(97)
10 311(96)
11 40 42 49(93)
11 40 42(112)
11 40 49(321)
11 42 49(106)
11 33(107)
11 39(109)
11 40(447)
11 42(134)
11 49(425)
12 33 40(96)
12 33 49(93)
12 39 40(99)
12 39 49(93)
12 40 42 49(126)
12 40 42(166)
12 40 49(344)
12 42 49(147)
12 33(132)
12 39(126)
12 40(472)
12 42(197)
12 49(461)
13 40 49(161)
13 40(229)
13 42(97)
13 49(238)
16 40 49(148)
16 40(208)
16 42(89)
16 49(210)
19 33 40(125)
19 33 49(117)
19 39 40(104)
19 40 42 49(115)
19 40 42(157)
19 40 49(329)
19 42 49(138)
19 33(183)
19 39(130)
19 40(539)
19 42(198)
19 49(464)
20 33 40(103)
20 33 49(111)
20 39 40(99)
20 39 49(94)
20 40 42 49(113)
20 40 42(144)
20 40 49(401)
20 42 49(139)
20 33(180)
20 39(141)
20 40(587)
20 42(202)
20 49(587)
24 40 42 49(99)
24 40 42(148)
24 40 49(320)
24 42 49(112)
24 33(123)
24 39(107)
24 40(509)
24 42(180)
24 49(414)
24 66(98)
24 102(97)
31 40 42(100)
31 40 49(217)
31 42 49(96)
31 32(94)
31 33(103)
31 39(100)
31 40(344)
31 42(128)
31 49(295)
32 33 40(125)
32 33 49(109)
32 39 40(117)
32 39 49(95)
32 40 42 49(105)
32 40 42(162)
32 40 49(336)
32 42 49(133)
32 33(184)
32 39(165)
32 40(533)
32 42(207)
32 49(490)
32 238(95)
33 37 39 40 42(101)
33 37 39 40 49(189)
33 37 39 40(299)
33 37 39 42(127)
33 37 39 49(248)
33 37 40 42(105)
33 37 40 49(193)
33 37 39(465)
33 37 40(313)
33 37 42(132)
33 37 49(255)
33 38 39 40 49(101)
33 38 39 40(137)
33 38 39 49(122)
33 38 40 49(101)
33 38 39(184)
33 38 40(137)
33 38 49(122)
33 39 40 42 49(447)
33 39 40 42 111(89)
33 39 40 42 171(115)
33 39 40 48 49(97)
33 39 40 49 90(106)
33 39 40 49 111(195)
33 39 40 49 171(210)
33 39 40 49 287(98)
33 39 40 42(621)
33 39 40 48(117)
33 39 40 49(1234)
33 39 40 66(92)
33 39 40 90(124)
33 39 40 106(94)
33 39 40 111(270)
33 39 40 171(312)
33 39 40 226(116)
33 39 40 238(107)
33 39 40 287(138)
33 39 42 49 171(101)
33 39 42 49(539)
33 39 42 111(118)
33 39 42 171(150)
33 39 48 49(107)
33 39 49 66(93)
33 39 49 90(125)
33 39 49 111(257)
33 39 49 171(299)
33 39 49 226(107)
33 39 49 238(100)
33 39 49 287(122)
33 39 40(1831)
33 39 42(804)
33 39 48(142)
33 39 49(1640)
33 39 56(90)
33 39 57(112)
33 39 66(127)
33 39 90(148)
33 39 106(131)
33 39 111(410)
33 39 171(509)
33 39 226(161)
33 39 238(141)
33 39 271(96)
33 39 272(101)
33 39 287(200)
33 39 311(102)
33 39 372(116)
33 39 791(116)
33 40 42 49 66(122)
33 40 42 49 90(139)
33 40 42 49 226(117)
33 40 42 49 311(133)
33 40 42 49 476(92)
33 40 42 49(1636)
33 40 42 66(172)
33 40 42 80(90)
33 40 42 90(163)
33 40 42 111(90)
33 40 42 148(98)
33 40 42 171(118)
33 40 42 226(178)
33 40 42 238(101)
33 40 42 271(101)
33 40 42 272(117)
33 40 42 311(161)
33 40 42 476(119)
33 40 42 1147(96)
33 40 48 49(97)
33 40 49 50(128)
33 40 49 61(123)
33 40 49 66(351)
33 40 49 79(131)
33 40 49 80(173)
33 40 49 90(450)
33 40 49 102(182)
33 40 49 111(196)
33 40 49 118(97)
33 40 49 124(101)
33 40 49 148(163)
33 40 49 171(212)
33 40 49 180(116)
33 40 49 186(128)
33 40 49 226(297)
33 40 49 230(94)
33 40 49 238(254)
33 40 49 250(96)
33 40 49 256(188)
33 40 49 259(95)
33 40 49 271(193)
33 40 49 272(186)
33 40 49 287(99)
33 40 49 302(137)
33 40 49 311(307)
33 40 49 339(114)
33 40 49 414(155)
33 40 49 439(175)
33 40 49 476(233)
33 40 49 534(125)
33 40 49 549(127)
33 40 49 550(90)
33 40 49 590(96)
33 40 49 593(128)
33 40 49 605(103)
33 40 49 678(110)
33 40 49 784(93)
33 40 49 825(98)
33 40 49 957(105)
33 40 49 1005(107)
33 40 49 1047(108)
33 40 49 1136(118)
33 40 49 1147(139)
33 40 49 1328(140)
33 40 49 1394(113)
33 40 49 2239(156)
33 40 49 2959(116)
33 40 271 272(98)
33 40 42(2343)
33 40 48(118)
33 40 49(5340)
33 40 50(148)
33 40 61(181)
33 40 66(503)
33 40 77(106)
33 40 79(160)
33 40 80(243)
33 40 90(529)
33 40 102(270)
33 40 104(109)
33 40 106(95)
33 40 108(97)
33 40 111(272)
33 40 118(125)
33 40 124(150)
33 40 148(248)
33 40 157(99)
33 40 162(103)
33 40 171(316)
33 40 176(119)
33 40 180(161)
33 40 186(182)
33 40 187(102)
33 40 202(120)
33 40 226(464)
33 40 230(119)
33 40 238(345)
33 40 250(127)
33 40 252(89)
33 40 256(228)
33 40 259(136)
33 40 265(107)
33 40 270(105)
33 40 271(274)
33 40 272(304)
33 40 280(96)
33 40 287(139)
33 40 302(182)
33 40 311(382)
33 40 335(90)
33 40 339(145)
33 40 390(130)
33 40 397(89)
33 40 406(117)
33 40 408(90)
33 40 414(213)
33 40 439(235)
33 40 450(89)
33 40 476(312)
33 40 480(102)
33 40 489(93)
33 40 523(112)
33 40 534(180)
33 40 545(97)
33 40 549(170)
33 40 550(120)
33 40 571(110)
33 40 590(145)
33 40 593(172)
33 40 605(143)
33 40 650(96)
33 40 678(150)
33 40 773(100)
33 40 784(137)
33 40 790(115)
33 40 807(97)
33 40 813(99)
33 40 825(142)
33 40 957(146)
33 40 1005(164)
33 40 1047(152)
33 40 1068(97)
33 40 1136(131)
33 40 1147(207)
33 40 1199(95)
33 40 1328(196)
33 40 1345(109)
33 40 1394(155)
33 40 1579(119)
33 40 1601(103)
33 40 1716(98)
33 40 2239(248)
33 40 2959(121)
33 40 3271(102)
33 40 10516(100)
33 40 12926(90)
33 40 12930(89)
33 40 16011(103)
33 40 158295(127)
33 40 162145(96)
33 42 49 66(152)
33 42 49 80(94)
33 42 49 90(156)
33 42 49 171(103)
33 42 49 226(126)
33 42 49 238(96)
33 42 49 271(90)
33 42 49 311(149)
33 42 49 476(111)
33 42 49(2052)
33 42 66(221)
33 42 80(126)
33 42 90(187)
33 42 102(114)
33 42 111(119)
33 42 148(119)
33 42 171(153)
33 42 186(89)
33 42 226(206)
33 42 238(141)
33 42 271(140)
33 42 272(149)
33 42 311(185)
33 42 414(93)
33 42 476(143)
33 42 1147(137)
33 42 1328(92)
33 42 2239(108)
33 48 49(107)
33 49 50(166)
33 49 61(156)
33 49 66(485)
33 49 77(100)
33 49 79(181)
33 49 80(229)
33 49 90(571)
33 49 102(256)
33 49 104(101)
33 49 108(103)
33 49 111(260)
33 49 118(140)
33 49 124(151)
33 49 148(223)
33 49 162(91)
33 49 171(301)
33 49 176(106)
33 49 180(159)
33 49 186(183)
33 49 187(106)
33 49 202(120)
33 49 226(364)
33 49 230(134)
33 49 238(361)
33 49 250(132)
33 49 256(242)
33 49 259(126)
33 49 265(101)
33 49 270(98)
33 49 271(262)
33 49 272(252)
33 49 280(90)
33 49 287(123)
33 49 302(188)
33 49 311(389)
33 49 339(163)
33 49 341(93)
33 49 390(113)
33 49 406(93)
33 49 408(92)
33 49 414(215)
33 49 439(222)
33 49 450(99)
33 49 476(306)
33 49 480(96)
33 49 489(103)
33 49 523(113)
33 49 534(178)
33 49 549(169)
33 49 550(130)
33 49 571(101)
33 49 590(135)
33 49 593(163)
33 49 605(138)
33 49 678(179)
33 49 773(105)
33 49 784(117)
33 49 790(101)
33 49 813(117)
33 49 825(166)
33 49 866(96)
33 49 957(134)
33 49 977(93)
33 49 1005(165)
33 49 1047(165)
33 49 1068(98)
33 49 1136(158)
33 49 1147(203)
33 49 1199(92)
33 49 1328(183)
33 49 1345(112)
33 49 1394(151)
33 49 1436(92)
33 49 1579(97)
33 49 1716(98)
33 49 2200(95)
33 49 2239(194)
33 49 2330(90)
33 49 2959(163)
33 49 3271(110)
33 49 10516(95)
33 49 12926(105)
33 49 12930(90)
33 49 16011(115)
33 49 158295(111)
33 49 160085(92)
33 49 162145(98)
33 271 272(139)
33 16011 160085(126)
33 37(494)
33 38(186)
33 39(2825)
33 40(8339)
33 42(3168)
33 46(116)
33 48(144)
33 49(7884)
33 50(202)
33 53(114)
33 54(101)
33 56(94)
33 57(116)
33 61(262)
33 63(106)
33 66(762)
33 77(154)
33 79(229)
33 80(372)
33 81(93)
33 90(707)
33 95(110)
33 102(412)
33 104(191)
33 106(137)
33 108(162)
33 111(416)
33 118(192)
33 124(251)
33 137(107)
33 148(357)
33 151(94)
33 152(102)
33 157(145)
33 162(183)
33 171(514)
33 176(196)
33 179(118)
33 180(227)
33 186(287)
33 187(149)
33 202(184)
33 209(100)
33 210(114)
33 226(643)
33 230(190)
33 238(560)
33 243(129)
33 247(92)
33 250(215)
33 252(143)
33 256(316)
33 259(193)
33 260(112)
33 261(122)
33 262(100)
33 265(154)
33 268(113)
33 270(145)
33 271(427)
33 272(447)
33 273(124)
33 280(142)
33 287(203)
33 298(101)
33 302(277)
33 311(538)
33 320(103)
33 335(133)
33 339(229)
33 341(121)
33 352(94)
33 353(117)
33 365(147)
33 372(116)
33 375(102)
33 380(110)
33 385(120)
33 390(191)
33 397(133)
33 399(106)
33 406(165)
33 408(126)
33 414(322)
33 419(90)
33 421(109)
33 426(105)
33 427(89)
33 439(336)
33 442(99)
33 450(153)
33 455(175)
33 465(125)
33 476(442)
33 480(164)
33 489(155)
33 523(177)
33 534(298)
33 536(129)
33 545(149)
33 549(275)
33 550(197)
33 571(151)
33 572(113)
33 582(113)
33 590(222)
33 592(115)
33 593(255)
33 605(222)
33 624(97)
33 650(145)
33 665(136)
33 676(118)
33 678(266)
33 682(129)
33 704(132)
33 705(96)
33 735(96)
33 741(159)
33 767(127)
33 773(164)
33 784(192)
33 790(160)
33 791(118)
33 799(92)
33 807(131)
33 809(92)
33 810(132)
33 813(179)
33 825(261)
33 831(97)
33 832(90)
33 843(92)
33 847(128)
33 857(100)
33 866(140)
33 879(104)
33 886(105)
33 911(133)
33 914(108)
33 948(110)
33 957(209)
33 962(128)
33 977(141)
33 980(101)
33 1005(280)
33 1021(100)
33 1044(142)
33 1046(92)
33 1047(314)
33 1067(96)
33 1068(148)
33 1081(90)
33 1083(89)
33 1104(99)
33 1136(188)
33 1145(138)
33 1147(325)
33 1199(142)
33 1240(105)
33 1328(298)
33 1345(165)
33 1356(107)
33 1394(223)
33 1405(111)
33 1418(98)
33 1436(135)
33 1480(100)
33 1482(106)
33 1487(100)
33 1579(165)
33 1586(105)
33 1601(160)
33 1660(92)
33 1678(89)
33 1694(102)
33 1705(97)
33 1716(155)
33 1784(101)
33 1815(125)
33 1860(99)
33 1873(123)
33 1974(90)
33 1987(102)
33 1988(115)
33 2047(124)
33 2052(89)
33 2057(90)
33 2116(98)
33 2119(115)
33 2136(94)
33 2169(102)
33 2200(131)
33 2239(328)
33 2330(114)
33 2344(99)
33 2384(113)
33 2438(119)
33 2516(102)
33 2880(107)
33 2959(178)
33 3271(167)
33 3617(141)
33 4337(114)
33 10447(121)
33 10516(146)
33 12926(152)
33 12930(126)
33 13042(132)
33 14099(125)
33 16011(167)
33 130385(93)
33 140955(99)
33 158295(198)
33 160075(114)
33 160085(130)
33 162145(163)
37 39 40 42 49(328)
37 39 40 49 90(95)
37 39 40 42(538)
37 39 40 49(1050)
37 39 40 66(117)
37 39 40 90(125)
37 39 40 111(128)
37 39 40 171(136)
37 39 40 226(108)
37 39 40 238(120)
37 39 42 49(371)
37 39 49 66(95)
37 39 49 90(110)
37 39 49 111(95)
37 39 49 171(104)
37 39 49 238(92)
37 39 40(1892)
37 39 42(655)
37 39 49(1320)
37 39 66(145)
37 39 90(146)
37 39 111(172)
37 39 171(202)
37 39 226(136)
37 39 238(153)
37 39 311(91)
37 40 42 49(336)
37 40 49 90(96)
37 40 42(556)
37 40 49(1080)
37 40 66(118)
37 40 90(126)
37 40 111(129)
37 40 171(139)
37 40 226(114)
37 40 238(122)
37 42 49(381)
37 49 66(96)
37 49 90(113)
37 49 111(96)
37 49 171(104)
37 49 238(93)
37 39(2748)
37 40(1977)
37 42(683)
37 49(1368)
37 66(148)
37 90(149)
37 111(175)
37 171(206)
37 226(142)
37 238(155)
37 311(91)
38 39 40 42 49(151)
38 39 40 42(199)
38 39 40 49(430)
38 39 42 49(172)
38 39 40(674)
38 39 42(242)
38 39 49(553)
38 40 42 49(151)
38 40 42(200)
38 40 49(433)
38 42 49(172)
38 39(1025)
38 40(696)
38 42(243)
38 49(557)
39 40 42 49 56(92)
39 40 42 49 66(130)
39 40 42 49 90(148)
39 40 42 49 111(336)
39 40 42 49 171(405)
39 40 42 49 226(124)
39 40 42 49 238(116)
39 40 42 49 287(127)
39 40 42 49 311(117)
39 40 42 49 476(95)
39 40 42 49 791(109)
39 40 42 49(1985)
39 40 42 56(138)
39 40 42 57(93)
39 40 42 66(191)
39 40 42 90(174)
39 40 42 102(100)
39 40 42 106(116)
39 40 42 111(486)
39 40 42 148(96)
39 40 42 171(595)
39 40 42 226(194)
39 40 42 238(170)
39 40 42 271(92)
39 40 42 287(196)
39 40 42 311(144)
39 40 42 372(132)
39 40 42 476(116)
39 40 42 791(150)
39 40 42 1147(92)
39 40 42 1328(127)
39 40 42 2239(115)
39 40 42 3905(94)
39 40 48 49(210)
39 40 49 90 171(111)
39 40 49 171 238(89)
39 40 49 50(139)
39 40 49 56(239)
39 40 49 57(218)
39 40 49 61(105)
39 40 49 66(324)
39 40 49 79(140)
39 40 49 80(152)
39 40 49 90(464)
39 40 49 102(180)
39 40 49 104(89)
39 40 49 106(280)
39 40 49 108(90)
39 40 49 111(979)
39 40 49 148(176)
39 40 49 157(102)
39 40 49 162(93)
39 40 49 171(1166)
39 40 49 186(121)
39 40 49 226(334)
39 40 49 230(115)
39 40 49 238(350)
39 40 49 250(148)
39 40 49 256(167)
39 40 49 259(95)
39 40 49 265(121)
39 40 49 271(195)
39 40 49 272(185)
39 40 49 282(181)
39 40 49 287(437)
39 40 49 311(249)
39 40 49 339(100)
39 40 49 371(133)
39 40 49 372(281)
39 40 49 391(150)
39 40 49 414(168)
39 40 49 439(161)
39 40 49 476(241)
39 40 49 534(141)
39 40 49 549(113)
39 40 49 593(113)
39 40 49 605(103)
39 40 49 784(90)
39 40 49 791(232)
39 40 49 841(141)
39 40 49 1136(95)
39 40 49 1147(146)
39 40 49 1189(93)
39 40 49 1328(164)
39 40 49 1394(112)
39 40 49 1530(92)
39 40 49 2239(195)
39 40 49 2959(122)
39 40 49 3271(100)
39 40 49 3905(151)
39 40 49 12926(92)
39 40 90 171(129)
39 40 111 171(116)
39 40 171 226(97)
39 40 171 238(117)
39 40 271 272(111)
39 40 42(3033)
39 40 46(111)
39 40 48(311)
39 40 49(6067)
39 40 50(172)
39 40 56(407)
39 40 57(348)
39 40 61(154)
39 40 66(485)
39 40 77(107)
39 40 79(180)
39 40 80(230)
39 40 90(586)
39 40 102(253)
39 40 104(141)
39 40 106(433)
39 40 108(108)
39 40 111(1603)
39 40 118(93)
39 40 124(127)
39 40 148(253)
39 40 157(139)
39 40 162(154)
39 40 171(1924)
39 40 176(164)
39 40 180(124)
39 40 186(165)
39 40 202(99)
39 40 226(527)
39 40 230(145)
39 40 238(508)
39 40 243(130)
39 40 250(204)
39 40 256(213)
39 40 259(116)
39 40 261(111)
39 40 262(101)
39 40 265(177)
39 40 268(107)
39 40 270(106)
39 40 271(289)
39 40 272(284)
39 40 273(99)
39 40 280(96)
39 40 282(266)
39 40 287(689)
39 40 302(100)
39 40 311(334)
39 40 339(133)
39 40 371(222)
39 40 372(497)
39 40 390(141)
39 40 391(236)
39 40 406(98)
39 40 414(219)
39 40 439(264)
39 40 476(303)
39 40 480(94)
39 40 505(157)
39 40 523(101)
39 40 534(176)
39 40 549(141)
39 40 571(119)
39 40 590(121)
39 40 593(144)
39 40 605(151)
39 40 650(122)
39 40 665(125)
39 40 678(105)
39 40 682(98)
39 40 741(151)
39 40 784(123)
39 40 791(347)
39 40 807(128)
39 40 825(117)
39 40 841(229)
39 40 957(124)
39 40 977(92)
39 40 1005(115)
39 40 1075(142)
39 40 1136(105)
39 40 1147(230)
39 40 1189(145)
39 40 1328(259)
39 40 1345(133)
39 40 1394(157)
39 40 1530(187)
39 40 1579(118)
39 40 1591(176)
39 40 1601(89)
39 40 1675(96)
39 40 1728(95)
39 40 1815(102)
39 40 1832(142)
39 40 1987(107)
39 40 2239(292)
39 40 2384(91)
39 40 2806(117)
39 40 2959(136)
39 40 3006(115)
39 40 3271(121)
39 40 3617(93)
39 40 3905(229)
39 40 12926(136)
39 40 14099(90)
39 40 16011(90)
39 40 129225(94)
39 40 158295(101)
39 40 162145(115)
39 42 49 56(101)
39 42 49 66(152)
39 42 49 90(173)
39 42 49 106(100)
39 42 49 111(405)
39 42 49 171(473)
39 42 49 226(139)
39 42 49 238(132)
39 42 49 287(152)
39 42 49 311(130)
39 42 49 372(98)
39 42 49 476(108)
39 42 49 791(133)
39 42 49 1328(92)
39 42 49 2239(89)
39 42 49(2368)
39 42 56(166)
39 42 57(115)
39 42 66(227)
39 42 80(101)
39 42 90(210)
39 42 102(123)
39 42 106(143)
39 42 111(629)
39 42 148(114)
39 42 171(763)
39 42 226(220)
39 42 238(204)
39 42 250(93)
39 42 256(101)
39 42 271(112)
39 42 272(98)
39 42 282(106)
39 42 287(249)
39 42 311(165)
39 42 371(105)
39 42 372(166)
39 42 391(98)
39 42 414(100)
39 42 476(136)
39 42 791(196)
39 42 841(92)
39 42 1147(107)
39 42 1328(140)
39 42 2239(132)
39 42 3905(103)
39 46 49(94)
39 48 49(267)
39 49 90 171(140)
39 49 171 238(101)
39 49 271 272(96)
39 49 50(176)
39 49 56(303)
39 49 57(293)
39 49 61(125)
39 49 66(407)
39 49 77(91)
39 49 79(170)
39 49 80(193)
39 49 90(575)
39 49 102(228)
39 49 104(114)
39 49 106(355)
39 49 108(105)
39 49 111(1277)
39 49 124(129)
39 49 148(214)
39 49 157(116)
39 49 162(115)
39 49 171(1494)
39 49 176(119)
39 49 180(107)
39 49 186(150)
39 49 202(104)
39 49 226(395)
39 49 230(143)
39 49 238(412)
39 49 243(95)
39 49 250(166)
39 49 256(194)
39 49 259(121)
39 49 262(92)
39 49 265(156)
39 49 268(104)
39 49 270(99)
39 49 271(238)
39 49 272(229)
39 49 273(89)
39 49 282(255)
39 49 287(548)
39 49 302(92)
39 49 311(296)
39 49 339(127)
39 49 371(180)
39 49 372(349)
39 49 390(116)
39 49 391(193)
39 49 414(210)
39 49 439(203)
39 49 476(287)
39 49 505(91)
39 49 534(168)
39 49 549(140)
39 49 571(95)
39 49 590(93)
39 49 593(137)
39 49 605(125)
39 49 650(103)
39 49 665(95)
39 49 678(109)
39 49 741(95)
39 49 784(104)
39 49 791(301)
39 49 807(112)
39 49 825(113)
39 49 841(197)
39 49 957(110)
39 49 1005(103)
39 49 1136(124)
39 49 1147(178)
39 49 1189(118)
39 49 1328(192)
39 49 1345(107)
39 49 1394(135)
39 49 1530(120)
39 49 1579(91)
39 49 1591(112)
39 49 1815(91)
39 49 1832(114)
39 49 2239(233)
39 49 2806(95)
39 49 2959(152)
39 49 3271(121)
39 49 3905(170)
39 49 12926(111)
39 49 158295(90)
39 49 162145(98)
39 66 171(108)
39 90 111(104)
39 90 171(166)
39 111 171(148)
39 111 226(97)
39 111 238(93)
39 171 226(126)
39 171 238(148)
39 171 311(99)
39 171 439(97)
39 271 272(147)
39 16011 160085(97)
39 40(10282)
39 42(3877)
39 46(165)
39 48(424)
39 49(7898)
39 50(224)
39 56(626)
39 57(507)
39 61(193)
39 66(640)
39 77(144)
39 79(218)
39 80(310)
39 81(97)
39 90(760)
39 102(344)
39 104(205)
39 106(620)
39 108(141)
39 111(2417)
39 118(132)
39 124(195)
39 148(327)
39 151(97)
39 157(177)
39 162(212)
39 171(2846)
39 176(269)
39 179(122)
39 180(162)
39 186(217)
39 202(146)
39 226(667)
39 230(195)
39 238(674)
39 243(185)
39 250(264)
39 252(116)
39 256(261)
39 259(162)
39 261(154)
39 262(118)
39 265(249)
39 268(152)
39 270(137)
39 271(385)
39 272(382)
39 273(126)
39 280(121)
39 282(412)
39 287(996)
39 302(136)
39 311(430)
39 335(108)
39 339(184)
39 341(122)
39 352(112)
39 366(91)
39 371(330)
39 372(707)
39 375(97)
39 380(120)
39 385(99)
39 390(204)
39 391(341)
39 397(112)
39 406(129)
39 408(108)
39 414(292)
39 427(92)
39 439(372)
39 442(102)
39 450(113)
39 465(102)
39 476(385)
39 480(135)
39 489(119)
39 491(90)
39 505(216)
39 523(128)
39 534(233)
39 536(112)
39 545(111)
39 549(192)
39 550(110)
39 571(139)
39 590(166)
39 593(183)
39 605(191)
39 650(150)
39 665(168)
39 676(103)
39 678(168)
39 682(125)
39 695(101)
39 704(111)
39 741(211)
39 767(101)
39 773(104)
39 784(153)
39 786(101)
39 790(98)
39 791(492)
39 807(202)
39 810(91)
39 813(98)
39 825(168)
39 841(354)
39 847(100)
39 856(108)
39 866(96)
39 886(93)
39 904(92)
39 911(105)
39 917(102)
39 957(159)
39 977(118)
39 1005(174)
39 1044(106)
39 1068(97)
39 1075(315)
39 1136(143)
39 1145(112)
39 1147(293)
39 1189(221)
39 1199(90)
39 1328(324)
39 1345(180)
39 1356(118)
39 1394(196)
39 1436(97)
39 1480(97)
39 1530(269)
39 1579(162)
39 1591(248)
39 1601(114)
39 1675(186)
39 1715(94)
39 1728(147)
39 1815(124)
39 1832(226)
39 1987(131)
39 1988(90)
39 2047(91)
39 2200(107)
39 2239(377)
39 2285(102)
39 2384(110)
39 2438(114)
39 2506(108)
39 2524(105)
39 2750(92)
39 2806(165)
39 2835(130)
39 2959(171)
39 3006(149)
39 3271(161)
39 3617(123)
39 3905(269)
39 10516(99)
39 12926(173)
39 12930(105)
39 14099(106)
39 16011(122)
39 129225(121)
39 130385(95)
39 158295(144)
39 160075(99)
39 160085(98)
39 162145(167)
40 42 46 49(90)
40 42 49 271 272(102)
40 42 49 16011 160085(118)
40 42 49 50(142)
40 42 49 56(94)
40 42 49 61(141)
40 42 49 66(545)
40 42 49 77(121)
40 42 49 79(136)
40 42 49 80(269)
40 42 49 90(520)
40 42 49 102(264)
40 42 49 104(95)
40 42 49 108(111)
40 42 49 111(337)
40 42 49 118(134)
40 42 49 124(122)
40 42 49 148(234)
40 42 49 157(96)
40 42 49 162(101)
40 42 49 171(411)
40 42 49 176(166)
40 42 49 180(139)
40 42 49 186(168)
40 42 49 187(100)
40 42 49 202(141)
40 42 49 209(124)
40 42 49 226(463)
40 42 49 230(121)
40 42 49 238(309)
40 42 49 250(155)
40 42 49 256(228)
40 42 49 259(162)
40 42 49 265(133)
40 42 49 271(256)
40 42 49 272(268)
40 42 49 287(130)
40 42 49 302(141)
40 42 49 311(482)
40 42 49 339(137)
40 42 49 341(90)
40 42 49 353(94)
40 42 49 375(90)
40 42 49 390(107)
40 42 49 397(95)
40 42 49 408(96)
40 42 49 414(228)
40 42 49 439(260)
40 42 49 465(108)
40 42 49 476(370)
40 42 49 480(102)
40 42 49 523(119)
40 42 49 534(210)
40 42 49 536(92)
40 42 49 545(116)
40 42 49 549(145)
40 42 49 550(115)
40 42 49 571(134)
40 42 49 590(105)
40 42 49 593(169)
40 42 49 605(170)
40 42 49 650(110)
40 42 49 678(128)
40 42 49 741(91)
40 42 49 767(103)
40 42 49 784(120)
40 42 49 790(121)
40 42 49 791(110)
40 42 49 825(171)
40 42 49 847(90)
40 42 49 957(123)
40 42 49 977(98)
40 42 49 1005(100)
40 42 49 1068(89)
40 42 49 1136(112)
40 42 49 1147(257)
40 42 49 1199(124)
40 42 49 1328(252)
40 42 49 1345(145)
40 42 49 1394(136)
40 42 49 1436(95)
40 42 49 1579(100)
40 42 49 1601(100)
40 42 49 1716(108)
40 42 49 2239(314)
40 42 49 2438(90)
40 42 49 2959(150)
40 42 49 3271(121)
40 42 49 3617(100)
40 42 49 8979(113)
40 42 49 10516(91)
40 42 49 13042(135)
40 42 49 16011(150)
40 42 49 158295(183)
40 42 49 160075(111)
40 42 49 160085(120)
40 42 49 162145(189)
40 42 226 272(97)
40 42 226 2239(101)
40 42 271 272(173)
40 42 16011 160085(170)
40 42 46(131)
40 42 49(7272)
40 42 50(172)
40 42 53(90)
40 42 54(105)
40 42 56(142)
40 42 57(95)
40 42 61(217)
40 42 66(788)
40 42 77(172)
40 42 79(164)
40 42 80(375)
40 42 90(615)
40 42 95(114)
40 42 102(368)
40 42 104(130)
40 42 106(117)
40 42 108(140)
40 42 111(489)
40 42 118(189)
40 42 124(167)
40 42 137(97)
40 42 148(335)
40 42 151(97)
40 42 157(125)
40 42 162(163)
40 42 171(604)
40 42 176(238)
40 42 180(183)
40 42 186(221)
40 42 187(117)
40 42 202(183)
40 42 209(165)
40 42 226(716)
40 42 230(149)
40 42 238(473)
40 42 243(96)
40 42 247(90)
40 42 250(207)
40 42 252(100)
40 42 256(271)
40 42 259(204)
40 42 260(109)
40 42 261(113)
40 42 262(99)
40 42 265(166)
40 42 268(112)
40 42 270(115)
40 42 271(396)
40 42 272(440)
40 42 273(111)
40 42 280(118)
40 42 287(200)
40 42 298(103)
40 42 302(193)
40 42 311(616)
40 42 335(104)
40 42 339(184)
40 42 341(122)
40 42 353(123)
40 42 366(106)
40 42 372(133)
40 42 375(128)
40 42 380(103)
40 42 385(110)
40 42 390(152)
40 42 397(133)
40 42 399(91)
40 42 406(122)
40 42 408(118)
40 42 414(317)
40 42 421(94)
40 42 427(102)
40 42 433(113)
40 42 439(351)
40 42 450(108)
40 42 455(110)
40 42 465(141)
40 42 476(472)
40 42 480(153)
40 42 489(102)
40 42 523(165)
40 42 534(268)
40 42 536(129)
40 42 545(157)
40 42 549(181)
40 42 550(150)
40 42 571(168)
40 42 572(99)
40 42 582(89)
40 42 590(155)
40 42 592(90)
40 42 593(231)
40 42 605(233)
40 42 624(113)
40 42 650(145)
40 42 665(103)
40 42 676(105)
40 42 678(173)
40 42 682(120)
40 42 704(105)
40 42 741(156)
40 42 767(133)
40 42 773(109)
40 42 784(161)
40 42 790(154)
40 42 791(151)
40 42 794(95)
40 42 799(92)
40 42 807(133)
40 42 809(96)
40 42 810(103)
40 42 813(119)
40 42 825(233)
40 42 847(143)
40 42 856(106)
40 42 879(114)
40 42 911(93)
40 42 914(108)
40 42 917(102)
40 42 948(91)
40 42 957(170)
40 42 962(103)
40 42 977(136)
40 42 980(106)
40 42 1005(136)
40 42 1068(115)
40 42 1122(103)
40 42 1136(123)
40 42 1145(89)
40 42 1147(383)
40 42 1199(167)
40 42 1240(94)
40 42 1328(360)
40 42 1345(208)
40 42 1356(104)
40 42 1394(178)
40 42 1436(118)
40 42 1544(101)
40 42 1579(132)
40 42 1601(144)
40 42 1660(104)
40 42 1715(100)
40 42 1716(149)
40 42 1784(110)
40 42 1815(104)
40 42 1860(111)
40 42 1873(109)
40 42 1987(118)
40 42 1988(97)
40 42 2047(102)
40 42 2136(90)
40 42 2169(114)
40 42 2185(110)
40 42 2200(109)
40 42 2209(93)
40 42 2239(444)
40 42 2285(108)
40 42 2438(115)
40 42 2674(90)
40 42 2959(158)
40 42 3271(150)
40 42 3617(148)
40 42 3905(98)
40 42 4337(94)
40 42 8979(153)
40 42 10516(113)
40 42 12926(97)
40 42 13042(187)
40 42 14099(105)
40 42 16011(213)
40 42 89755(90)
40 42 130385(124)
40 42 158295(272)
40 42 160075(155)
40 42 160085(173)
40 42 162145(277)
40 46 49(358)
40 48 49(214)
40 49 61 90(92)
40 49 66 90(186)
40 49 66 226(113)
40 49 66 238(117)
40 49 66 311(137)
40 49 66 476(93)
40 49 90 102(109)
40 49 90 171(111)
40 49 90 226(110)
40 49 90 238(146)
40 49 90 311(166)
40 49 90 476(102)
40 49 118 977(105)
40 49 171 238(90)
40 49 226 271(153)
40 49 226 272(179)
40 49 226 311(101)
40 49 226 2239(194)
40 49 238 311(98)
40 49 238 476(95)
40 49 271 272(281)
40 49 271 2239(118)
40 49 272 2239(120)
40 49 406 10516(109)
40 49 1147 3617(102)
40 49 16011 160085(234)
40 49 16431 164285(101)
40 49 50(611)
40 49 51(96)
40 49 52(105)
40 49 53(239)
40 49 54(253)
40 49 56(247)
40 49 57(225)
40 49 61(604)
40 49 63(197)
40 49 65(90)
40 49 66(1781)
40 49 67(112)
40 49 69(94)
40 49 70(117)
40 49 76(157)
40 49 77(344)
40 49 78(108)
40 49 79(601)
40 49 80(691)
40 49 81(207)
40 49 83(120)
40 49 86(93)
40 49 90(2102)
40 49 95(209)
40 49 96(125)
40 49 97(145)
40 49 99(89)
40 49 102(941)
40 49 104(318)
40 49 105(99)
40 49 106(281)
40 49 108(322)
40 49 109(97)
40 49 111(985)
40 49 117(108)
40 49 118(378)
40 49 124(506)
40 49 129(104)
40 49 134(114)
40 49 137(218)
40 49 148(741)
40 49 151(255)
40 49 152(93)
40 49 156(212)
40 49 157(377)
40 49 162(346)
40 49 165(138)
40 49 166(122)
40 49 167(131)
40 49 168(110)
40 49 169(152)
40 49 170(121)
40 49 171(1178)
40 49 172(109)
40 49 176(380)
40 49 177(144)
40 49 179(193)
40 49 180(451)
40 49 186(552)
40 49 187(302)
40 49 190(99)
40 49 194(102)
40 49 196(134)
40 49 200(93)
40 49 201(100)
40 49 202(449)
40 49 204(145)
40 49 205(134)
40 49 206(104)
40 49 207(105)
40 49 209(222)
40 49 210(204)
40 49 214(123)
40 49 216(158)
40 49 221(103)
40 49 223(92)
40 49 226(1386)
40 49 230(381)
40 49 233(127)
40 49 235(107)
40 49 236(142)
40 49 238(1234)
40 49 243(291)
40 49 245(89)
40 49 247(176)
40 49 249(200)
40 49 250(509)
40 49 251(117)
40 49 252(218)
40 49 256(802)
40 49 257(109)
40 49 259(451)
40 49 260(254)
40 49 261(266)
40 49 262(243)
40 49 263(128)
40 49 265(396)
40 49 268(289)
40 49 270(308)
40 49 271(728)
40 49 272(810)
40 49 273(283)
40 49 279(117)
40 49 280(278)
40 49 282(190)
40 49 283(121)
40 49 286(122)
40 49 287(443)
40 49 290(97)
40 49 298(241)
40 49 302(468)
40 49 309(108)
40 49 310(123)
40 49 311(1334)
40 49 320(194)
40 49 321(137)
40 49 335(326)
40 49 339(512)
40 49 341(280)
40 49 342(160)
40 49 343(134)
40 49 345(100)
40 49 346(210)
40 49 347(146)
40 49 348(120)
40 49 352(128)
40 49 353(151)
40 49 366(194)
40 49 371(136)
40 49 372(282)
40 49 375(249)
40 49 380(251)
40 49 385(174)
40 49 389(101)
40 49 390(313)
40 49 391(161)
40 49 393(96)
40 49 397(273)
40 49 398(156)
40 49 399(224)
40 49 400(116)
40 49 406(340)
40 49 407(89)
40 49 408(304)
40 49 409(198)
40 49 413(140)
40 49 414(777)
40 49 415(111)
40 49 416(175)
40 49 419(200)
40 49 421(210)
40 49 424(110)
40 49 425(151)
40 49 426(297)
40 49 427(249)
40 49 433(187)
40 49 434(127)
40 49 435(96)
40 49 439(749)
40 49 441(97)
40 49 442(260)
40 49 446(97)
40 49 448(90)
40 49 450(237)
40 49 465(293)
40 49 476(1078)
40 49 480(353)
40 49 487(93)
40 49 489(287)
40 49 490(110)
40 49 491(192)
40 49 492(148)
40 49 493(109)
40 49 494(97)
40 49 498(125)
40 49 512(91)
40 49 515(199)
40 49 523(422)
40 49 530(113)
40 49 534(620)
40 49 535(147)
40 49 536(275)
40 49 537(109)
40 49 544(117)
40 49 545(346)
40 49 548(170)
40 49 549(466)
40 49 550(350)
40 49 551(101)
40 49 553(115)
40 49 559(89)
40 49 564(115)
40 49 566(112)
40 49 571(398)
40 49 572(239)
40 49 574(92)
40 49 577(117)
40 49 582(263)
40 49 584(107)
40 49 588(109)
40 49 590(441)
40 49 592(209)
40 49 593(509)
40 49 598(133)
40 49 605(513)
40 49 611(127)
40 49 612(112)
40 49 613(99)
40 49 616(98)
40 49 623(130)
40 49 624(212)
40 49 640(95)
40 49 641(166)
40 49 644(148)
40 49 650(349)
40 49 651(95)
40 49 652(98)
40 49 653(127)
40 49 654(124)
40 49 663(118)
40 49 665(289)
40 49 674(98)
40 49 676(289)
40 49 678(439)
40 49 682(270)
40 49 683(130)
40 49 685(119)
40 49 695(157)
40 49 698(132)
40 49 704(301)
40 49 705(190)
40 49 707(95)
40 49 709(113)
40 49 712(98)
40 49 714(100)
40 49 716(167)
40 49 719(134)
40 49 728(184)
40 49 731(167)
40 49 735(228)
40 49 741(382)
40 49 752(140)
40 49 754(105)
40 49 758(120)
40 49 760(111)
40 49 761(101)
40 49 765(139)
40 49 767(330)
40 49 768(121)
40 49 769(104)
40 49 773(273)
40 49 784(435)
40 49 786(136)
40 49 790(323)
40 49 791(236)
40 49 794(214)
40 49 796(108)
40 49 799(228)
40 49 806(135)
40 49 807(297)
40 49 809(180)
40 49 810(287)
40 49 813(306)
40 49 818(126)
40 49 825(464)
40 49 829(96)
40 49 830(146)
40 49 831(191)
40 49 832(236)
40 49 838(90)
40 49 841(143)
40 49 843(155)
40 49 847(195)
40 49 850(91)
40 49 856(215)
40 49 857(189)
40 49 866(264)
40 49 879(230)
40 49 881(97)
40 49 886(222)
40 49 888(102)
40 49 897(89)
40 49 904(143)
40 49 908(104)
40 49 911(220)
40 49 912(111)
40 49 914(229)
40 49 917(237)
40 49 922(127)
40 49 925(114)
40 49 926(118)
40 49 927(110)
40 49 928(123)
40 49 933(106)
40 49 939(106)
40 49 940(92)
40 49 948(203)
40 49 957(403)
40 49 962(238)
40 49 977(322)
40 49 979(162)
40 49 980(217)
40 49 985(163)
40 49 988(117)
40 49 990(139)
40 49 994(140)
40 49 1001(164)
40 49 1002(124)
40 49 1004(180)
40 49 1005(377)
40 49 1011(126)
40 49 1014(111)
40 49 1015(115)
40 49 1017(102)
40 49 1021(189)
40 49 1027(106)
40 49 1028(163)
40 49 1044(227)
40 49 1047(117)
40 49 1053(146)
40 49 1056(89)
40 49 1061(109)
40 49 1063(167)
40 49 1067(168)
40 49 1068(248)
40 49 1073(109)
40 49 1081(119)
40 49 1082(139)
40 49 1083(123)
40 49 1097(105)
40 49 1104(189)
40 49 1105(118)
40 49 1114(169)
40 49 1122(163)
40 49 1127(164)
40 49 1136(370)
40 49 1144(99)
40 49 1145(230)
40 49 1147(602)
40 49 1159(151)
40 49 1161(108)
40 49 1164(108)
40 49 1167(92)
40 49 1173(128)
40 49 1184(108)
40 49 1185(92)
40 49 1186(140)
40 49 1189(96)
40 49 1197(130)
40 49 1199(270)
40 49 1210(161)
40 49 1215(132)
40 49 1233(104)
40 49 1240(236)
40 49 1250(107)
40 49 1258(190)
40 49 1270(129)
40 49 1276(94)
40 49 1278(162)
40 49 1281(124)
40 49 1282(120)
40 49 1283(133)
40 49 1292(106)
40 49 1295(124)
40 49 1309(127)
40 49 1314(175)
40 49 1316(93)
40 49 1319(107)
40 49 1328(689)
40 49 1333(94)
40 49 1334(116)
40 49 1343(96)
40 49 1345(310)
40 49 1346(100)
40 49 1356(188)
40 49 1361(121)
40 49 1362(143)
40 49 1373(107)
40 49 1379(108)
40 49 1380(115)
40 49 1381(90)
40 49 1394(495)
40 49 1396(96)
40 49 1405(201)
40 49 1418(211)
40 49 1426(120)
40 49 1436(299)
40 49 1445(143)
40 49 1477(102)
40 49 1480(193)
40 49 1482(184)
40 49 1487(180)
40 49 1490(112)
40 49 1514(193)
40 49 1518(100)
40 49 1528(116)
40 49 1530(103)
40 49 1538(94)
40 49 1539(113)
40 49 1544(186)
40 49 1558(161)
40 49 1563(121)
40 49 1565(100)
40 49 1579(329)
40 49 1586(183)
40 49 1592(114)
40 49 1593(95)
40 49 1594(113)
40 49 1595(94)
40 49 1596(98)
40 49 1601(300)
40 49 1603(127)
40 49 1610(95)
40 49 1617(110)
40 49 1620(174)
40 49 1630(108)
40 49 1639(161)
40 49 1643(102)
40 49 1653(105)
40 49 1656(137)
40 49 1660(189)
40 49 1678(207)
40 49 1694(230)
40 49 1699(138)
40 49 1705(179)
40 49 1715(189)
40 49 1716(232)
40 49 1742(105)
40 49 1745(94)
40 49 1764(112)
40 49 1784(231)
40 49 1785(107)
40 49 1787(149)
40 49 1790(98)
40 49 1805(110)
40 49 1809(130)
40 49 1815(324)
40 49 1819(105)
40 49 1820(111)
40 49 1843(144)
40 49 1860(130)
40 49 1868(181)
40 49 1873(211)
40 49 1900(108)
40 49 1904(104)
40 49 1906(101)
40 49 1931(144)
40 49 1939(92)
40 49 1940(120)
40 49 1957(153)
40 49 1965(98)
40 49 1967(110)
40 49 1974(139)
40 49 1977(124)
40 49 1987(256)
40 49 1988(214)
40 49 1992(89)
40 49 1995(110)
40 49 1997(123)
40 49 2012(113)
40 49 2016(175)
40 49 2047(210)
40 49 2052(219)
40 49 2054(120)
40 49 2055(128)
40 49 2057(171)
40 49 2066(147)
40 49 2076(134)
40 49 2081(183)
40 49 2092(136)
40 49 2098(91)
40 49 2104(98)
40 49 2114(118)
40 49 2116(166)
40 49 2119(225)
40 49 2136(223)
40 49 2148(95)
40 49 2151(93)
40 49 2165(130)
40 49 2168(138)
40 49 2169(196)
40 49 2178(111)
40 49 2185(209)
40 49 2188(154)
40 49 2189(103)
40 49 2192(118)
40 49 2200(258)
40 49 2209(155)
40 49 2213(97)
40 49 2216(111)
40 49 2239(760)
40 49 2242(211)
40 49 2255(145)
40 49 2260(91)
40 49 2285(227)
40 49 2287(91)
40 49 2326(143)
40 49 2330(211)
40 49 2344(141)
40 49 2345(131)
40 49 2351(109)
40 49 2354(156)
40 49 2365(112)
40 49 2371(89)
40 49 2376(138)
40 49 2379(96)
40 49 2384(259)
40 49 2389(143)
40 49 2395(112)
40 49 2400(189)
40 49 2409(94)
40 49 2421(101)
40 49 2426(103)
40 49 2438(208)
40 49 2441(140)
40 49 2442(102)
40 49 2465(132)
40 49 2469(116)
40 49 2481(100)
40 49 2493(137)
40 49 2496(135)
40 49 2506(197)
40 49 2516(131)
40 49 2524(183)
40 49 2525(142)
40 49 2529(97)
40 49 2553(136)
40 49 2562(93)
40 49 2574(107)
40 49 2597(99)
40 49 2600(99)
40 49 2626(109)
40 49 2627(147)
40 49 2630(145)
40 49 2634(118)
40 49 2636(113)
40 49 2664(96)
40 49 2674(185)
40 49 2707(93)
40 49 2709(96)
40 49 2729(92)
40 49 2747(105)
40 49 2750(110)
40 49 2764(110)
40 49 2776(164)
40 49 2789(98)
40 49 2793(165)
40 49 2816(93)
40 49 2857(117)
40 49 2875(93)
40 49 2880(187)
40 49 2895(103)
40 49 2959(527)
40 49 2966(127)
40 49 2984(93)
40 49 2988(179)
40 49 2989(95)
40 49 2991(91)
40 49 2992(129)
40 49 2998(107)
40 49 2999(120)
40 49 3013(103)
40 49 3087(94)
40 49 3103(89)
40 49 3150(92)
40 49 3152(107)
40 49 3172(94)
40 49 3190(97)
40 49 3203(90)
40 49 3222(100)
40 49 3271(392)
40 49 3277(94)
40 49 3280(111)
40 49 3292(104)
40 49 3295(129)
40 49 3312(103)
40 49 3316(116)
40 49 3317(97)
40 49 3318(108)
40 49 3322(96)
40 49 3362(159)
40 49 3405(110)
40 49 3413(91)
40 49 3452(90)
40 49 3463(101)
40 49 3503(160)
40 49 3511(142)
40 49 3617(248)
40 49 3636(103)
40 49 3669(118)
40 49 3760(153)
40 49 3775(99)
40 49 3800(194)
40 49 3809(100)
40 49 3828(137)
40 49 3905(158)
40 49 3965(142)
40 49 4071(128)
40 49 4106(93)
40 49 4208(128)
40 49 4308(110)
40 49 4337(219)
40 49 4345(90)
40 49 4394(124)
40 49 4525(109)
40 49 4631(105)
40 49 4651(107)
40 49 4686(107)
40 49 4699(169)
40 49 4780(99)
40 49 4884(191)
40 49 4900(103)
40 49 4941(100)
40 49 4946(93)
40 49 4976(104)
40 49 4995(112)
40 49 5052(139)
40 49 5075(116)
40 49 5125(97)
40 49 5153(107)
40 49 5249(98)
40 49 5359(98)
40 49 5406(115)
40 49 5652(93)
40 49 5729(126)
40 49 5730(132)
40 49 6129(96)
40 49 7206(122)
40 49 7976(114)
40 49 8069(115)
40 49 8692(147)
40 49 8868(89)
40 49 8979(175)
40 49 8986(130)
40 49 9502(136)
40 49 9556(100)
40 49 9580(99)
40 49 10421(122)
40 49 10443(121)
40 49 10445(188)
40 49 10447(205)
40 49 10452(97)
40 49 10491(154)
40 49 10492(148)
40 49 10516(325)
40 49 10526(125)
40 49 10552(89)
40 49 10569(90)
40 49 10606(116)
40 49 10654(137)
40 49 10657(128)
40 49 12926(360)
40 49 12930(247)
40 49 12934(95)
40 49 12936(120)
40 49 12944(92)
40 49 12947(133)
40 49 12952(123)
40 49 12960(108)
40 49 13042(250)
40 49 14099(289)
40 49 14934(120)
40 49 16011(308)
40 49 16431(106)
40 49 89755(101)
40 49 129225(228)
40 49 129325(94)
40 49 130385(194)
40 49 131865(90)
40 49 140955(251)
40 49 156155(134)
40 49 158295(376)
40 49 160075(221)
40 49 160085(239)
40 49 162145(389)
40 49 164285(102)
40 61 66(109)
40 61 90(108)
40 66 90(225)
40 66 102(138)
40 66 148(104)
40 66 202(106)
40 66 226(159)
40 66 238(148)
40 66 256(101)
40 66 272(105)
40 66 302(91)
40 66 311(159)
40 66 414(104)
40 66 476(120)
40 66 2239(90)
40 79 90(93)
40 80 226(109)
40 90 102(136)
40 90 171(130)
40 90 226(136)
40 90 238(181)
40 90 311(193)
40 90 414(94)
40 90 476(128)
40 90 534(94)
40 102 311(101)
40 102 414(90)
40 108 549(98)
40 111 171(117)
40 118 977(160)
40 148 180(93)
40 171 226(97)
40 171 238(119)
40 176 179(107)
40 176 226(111)
40 176 807(124)
40 176 1356(106)
40 226 271 272(108)
40 226 238(108)
40 226 271(234)
40 226 272(296)
40 226 311(134)
40 226 1147(100)
40 226 2239(305)
40 238 250(116)
40 238 311(131)
40 238 476(120)
40 250 1145(106)
40 271 272(470)
40 271 2239(184)
40 272 2239(207)
40 298 545(93)
40 309 1270(108)
40 310 1081(99)
40 310 1270(105)
40 310 1379(104)
40 310 1380(116)
40 406 10516(158)
40 796 1819(94)
40 796 1820(108)
40 1081 1270(89)
40 1081 1380(89)
40 1147 3617(156)
40 1379 1380(106)
40 1819 1820(95)
40 1820 3312(112)
40 2239 5730(91)
40 2285 2506(130)
