33 40 49(5340)
33 39(2825)
33 40(8339)
33 42(3168)
33 49(7884)
37 39(2748)
39 40 42(3033)
39 40 49(6067)
39 40(10282)
39 42(3877)
39 49(7898)
39 171(2846)
40 42 49(7272)
40 42(11264)
40 49(28490)
40 66(2753)
40 90(2703)
42 49(8909)
49 90(2767)
33(14888)
37(2934)
39(15534)
40(49618)
42(14756)
49(41178)
66(4427)
90(3765)
171(2894)
226(3192)
238(2989)
33 40 49(5340)
33 39(2825)
33 40(8339)
33 42(3168)
33 49(7884)
37 39(2748)
39 40 42(3033)
39 40 49(6067)
39 40(10282)
39 42(3877)
39 49(7898)
39 171(2846)
40 42 49(7272)
40 42(11264)
40 49(28490)
40 66(2753)
40 90(2703)
42 49(8909)
49 90(2767)
33(14888)
37(2934)
39(15534)
40(49618)
42(14756)
49(41178)
66(4427)
90(3765)
171(2894)
226(3192)
238(2989)
