make: Nothing to be done for `all'.
inFileName = retail.txt
minSup = 0.001
cuda Device Count: 1
Using device 0: GeForce GTX 950 
cudaSetDevice: 0
1(177)
2(265)
3(548)
6(295)
7(150)
8(100)
10(1372)
11(706)
12(707)
13(408)
16(344)
17(124)
19(860)
20(1004)
23(200)
24(755)
25(90)
27(142)
28(157)
31(539)
32(908)
33(14888)
37(2934)
38(1073)
39(15534)
40(49618)
41(209)
42(14756)
43(100)
44(219)
45(196)
46(907)
48(435)
49(41178)
50(1099)
51(246)
52(192)
53(490)
54(507)
56(666)
57(528)
59(164)
60(197)
61(1475)
62(139)
63(537)
65(192)
66(4427)
67(319)
68(188)
69(210)
70(245)
71(98)
72(140)
76(317)
77(863)
78(250)
79(1042)
80(1565)
81(459)
83(287)
84(188)
85(94)
86(192)
87(93)
89(153)
90(3765)
92(152)
94(96)
95(514)
96(268)
97(332)
99(229)
102(2226)
103(155)
104(799)
105(243)
106(634)
108(764)
109(233)
111(2478)
117(266)
118(1022)
121(91)
124(1287)
125(97)
127(93)
128(200)
129(276)
130(186)
134(241)
137(465)
142(199)
148(1764)
151(596)
152(226)
153(156)
154(111)
156(539)
157(822)
160(130)
162(979)
164(97)
165(331)
166(274)
167(300)
168(255)
169(292)
170(274)
171(2894)
172(223)
176(958)
177(403)
179(471)
180(992)
185(182)
186(1362)
187(653)
190(258)
193(163)
194(203)
196(334)
198(191)
199(110)
200(223)
201(236)
202(1126)
204(325)
205(318)
206(252)
207(257)
208(184)
209(528)
210(592)
212(198)
214(298)
216(316)
219(90)
221(227)
223(227)
226(3192)
227(112)
228(288)
229(180)
230(815)
233(359)
234(94)
235(283)
236(303)
237(175)
238(2989)
243(882)
244(201)
245(267)
247(398)
249(410)
250(1149)
251(274)
252(616)
255(95)
256(1432)
257(239)
259(980)
260(682)
261(681)
262(517)
263(312)
265(879)
266(165)
267(137)
268(575)
270(694)
271(1703)
272(1998)
273(646)
275(191)
276(140)
277(113)
279(305)
280(630)
281(110)
282(432)
283(232)
285(149)
286(267)
287(1033)
289(145)
290(181)
291(117)
292(110)
295(287)
298(521)
302(1189)
309(261)
310(309)
311(2554)
312(103)
313(91)
315(203)
316(129)
318(124)
320(433)
321(303)
326(191)
327(89)
329(161)
331(117)
332(194)
333(115)
335(740)
336(95)
338(223)
339(1265)
341(638)
342(392)
343(316)
345(258)
346(485)
347(334)
348(263)
349(138)
350(105)
351(246)
352(404)
353(435)
358(146)
362(90)
363(96)
364(109)
365(1229)
366(432)
369(175)
370(100)
371(342)
372(719)
375(583)
376(97)
380(664)
382(92)
383(207)
385(617)
387(110)
388(128)
389(246)
390(792)
391(361)
393(235)
394(145)
396(122)
397(666)
398(307)
399(514)
400(229)
402(122)
403(221)
406(876)
407(228)
408(686)
409(479)
410(110)
412(117)
413(281)
414(1856)
415(263)
416(407)
417(105)
419(481)
421(590)
422(182)
423(147)
424(285)
425(355)
426(598)
427(506)
428(93)
433(455)
434(317)
435(205)
436(136)
439(1778)
441(234)
442(607)
443(215)
445(182)
446(173)
447(109)
448(231)
449(125)
450(683)
452(117)
453(92)
455(1097)
459(149)
460(101)
461(162)
465(712)
468(174)
469(105)
476(2125)
477(101)
479(131)
480(916)
482(101)
486(199)
487(230)
489(716)
490(254)
491(443)
492(238)
493(256)
494(215)
495(95)
496(121)
498(323)
500(115)
501(201)
502(281)
503(105)
505(256)
506(92)
509(96)
512(274)
514(100)
515(422)
517(128)
519(131)
522(121)
523(960)
525(97)
526(222)
527(105)
528(139)
530(221)
533(94)
534(1456)
535(320)
536(714)
537(261)
540(111)
542(155)
544(292)
545(845)
548(426)
549(1108)
550(834)
551(258)
553(247)
555(119)
556(202)
559(210)
561(226)
562(116)
564(268)
566(235)
567(199)
568(143)
570(119)
571(776)
572(507)
573(171)
574(192)
577(253)
578(111)
582(567)
584(221)
585(189)
586(110)
587(98)
588(260)
590(1097)
592(427)
593(1193)
594(187)
595(109)
596(119)
597(209)
598(246)
600(232)
605(1188)
607(229)
611(340)
612(272)
613(257)
615(123)
616(274)
619(141)
622(181)
623(312)
624(521)
627(98)
637(178)
638(145)
640(213)
641(355)
642(107)
644(326)
646(98)
648(249)
650(848)
651(226)
652(240)
653(323)
654(327)
660(116)
661(221)
662(90)
663(278)
665(734)
669(99)
674(260)
675(96)
676(597)
678(1098)
681(90)
682(685)
683(295)
684(171)
685(280)
686(112)
688(108)
691(149)
692(146)
693(95)
695(389)
696(185)
697(154)
698(297)
699(184)
700(150)
704(788)
705(518)
706(126)
707(203)
709(239)
712(200)
713(140)
714(202)
715(125)
716(379)
719(284)
720(116)
721(125)
724(117)
726(136)
728(379)
729(116)
730(146)
731(367)
732(193)
735(369)
737(92)
739(113)
740(206)
741(1135)
742(100)
743(121)
744(118)
750(252)
751(156)
752(324)
754(254)
755(113)
756(197)
758(253)
760(232)
761(240)
763(134)
764(188)
765(311)
767(783)
768(244)
769(331)
770(282)
771(165)
772(98)
773(738)
775(93)
780(130)
782(181)
784(955)
786(350)
789(129)
790(638)
791(507)
792(170)
793(128)
794(488)
796(251)
797(96)
798(95)
799(499)
800(125)
801(96)
802(154)
804(104)
805(94)
806(273)
807(706)
808(186)
809(478)
810(616)
811(107)
812(113)
813(806)
814(184)
816(130)
817(107)
818(368)
821(124)
822(115)
823(97)
825(1197)
826(122)
827(141)
828(90)
829(198)
830(346)
831(420)
832(451)
833(122)
834(138)
836(105)
838(254)
839(124)
840(94)
841(365)
843(388)
846(139)
847(586)
849(169)
850(229)
852(229)
855(149)
856(485)
857(482)
858(106)
860(107)
861(93)
862(203)
863(99)
865(137)
866(616)
875(190)
876(111)
878(171)
879(569)
880(120)
881(221)
886(565)
888(223)
893(156)
895(89)
897(219)
898(94)
899(98)
900(156)
904(355)
906(141)
908(272)
910(153)
911(510)
912(237)
914(533)
915(141)
916(132)
917(534)
919(122)
920(145)
922(320)
923(121)
925(247)
926(248)
927(238)
928(299)
930(94)
931(120)
932(120)
933(252)
939(287)
940(203)
942(133)
943(162)
944(130)
945(137)
948(580)
957(902)
959(165)
960(146)
961(99)
962(533)
964(151)
967(186)
968(119)
969(197)
974(187)
975(157)
976(108)
977(810)
979(367)
980(427)
981(108)
982(186)
983(110)
984(148)
985(341)
986(105)
987(169)
988(251)
990(298)
992(163)
994(342)
995(110)
1001(415)
1002(285)
1003(96)
1004(382)
1005(1092)
1009(152)
1011(263)
1013(229)
1014(259)
1015(262)
1016(147)
1017(210)
1019(95)
1021(463)
1022(108)
1023(95)
1024(200)
1025(144)
1026(217)
1027(246)
1028(341)
1031(126)
1032(132)
1035(243)
1036(154)
1044(539)
1046(102)
1047(340)
1049(127)
1053(384)
1054(131)
1055(153)
1056(187)
1057(119)
1058(95)
1061(199)
1063(425)
1064(197)
1067(406)
1068(573)
1072(229)
1073(228)
1074(101)
1075(368)
1081(294)
1082(326)
1083(375)
1084(118)
1085(94)
1086(235)
1091(138)
1095(150)
1096(124)
1097(264)
1102(140)
1104(403)
1105(244)
1106(140)
1108(128)
1114(436)
1116(188)
1121(162)
1122(410)
1124(145)
1125(147)
1127(419)
1129(98)
1131(161)
1136(639)
1139(102)
1140(131)
1144(234)
1145(587)
1146(146)
1147(1354)
1153(97)
1154(107)
1159(423)
1160(191)
1161(242)
1162(205)
1164(253)
1166(146)
1167(168)
1173(295)
1174(108)
1179(169)
1181(161)
1184(261)
1185(174)
1186(325)
1189(231)
1192(117)
1193(189)
1197(314)
1199(635)
1210(320)
1211(110)
1215(376)
1216(168)
1219(98)
1220(158)
1228(150)
1229(113)
1233(268)
1234(209)
1238(116)
1240(558)
1245(129)
1247(153)
1250(229)
1251(116)
1252(91)
1258(376)
1261(90)
1265(137)
1266(94)
1269(91)
1270(278)
1275(93)
1276(218)
1278(409)
1281(280)
1282(295)
1283(287)
1287(151)
1291(175)
1292(268)
1295(274)
1298(126)
1308(110)
1309(321)
1310(141)
1312(145)
1313(102)
1314(380)
1316(188)
1317(127)
1319(244)
1320(138)
1321(107)
1328(1655)
1330(126)
1333(241)
1334(303)
1341(94)
1343(209)
1344(207)
1345(719)
1346(215)
1353(140)
1354(134)
1355(162)
1356(486)
1358(100)
1361(327)
1362(383)
1363(128)
1369(160)
1370(99)
1372(123)
1373(250)
1377(136)
1379(244)
1380(278)
1381(201)
1385(120)
1386(107)
1388(211)
1391(190)
1393(100)
1394(1122)
1395(90)
1396(234)
1397(147)
1398(102)
1404(91)
1405(440)
1409(194)
1411(134)
1416(149)
1418(519)
1422(95)
1423(116)
1424(93)
1425(93)
1426(331)
1427(129)
1429(188)
1431(179)
1434(189)
1436(748)
1440(162)
1441(133)
1445(351)
1449(91)
1456(129)
1457(150)
1460(215)
1469(98)
1474(129)
1476(112)
1477(230)
1479(102)
1480(444)
1482(396)
1483(99)
1487(419)
1489(106)
1490(285)
1495(94)
1498(234)
1499(142)
1504(150)
1514(404)
1518(186)
1521(107)
1528(223)
1530(290)
1531(94)
1535(95)
1537(145)
1538(189)
1539(213)
1541(113)
1544(411)
1546(101)
1548(146)
1558(405)
1562(131)
1563(366)
1565(280)
1569(152)
1570(150)
1571(139)
1577(121)
1579(823)
1580(136)
1586(438)
1588(115)
1589(147)
1591(257)
1592(241)
1593(190)
1594(217)
1595(239)
1596(245)
1597(157)
1599(187)
1601(773)
1603(263)
1604(179)
1605(111)
1610(248)
1612(146)
1613(167)
1614(149)
1616(164)
1617(266)
1620(362)
1625(148)
1630(260)
1635(108)
1639(329)
1641(177)
1643(191)
1653(221)
1654(91)
1655(118)
1656(305)
1657(124)
1659(147)
1660(425)
1662(131)
1671(152)
1675(218)
1676(129)
1678(460)
1679(217)
1680(143)
1689(116)
1694(515)
1697(190)
1698(190)
1699(317)
1701(117)
1702(100)
1703(149)
1705(437)
1710(131)
1715(486)
1716(583)
1726(91)
1728(158)
1737(174)
1739(112)
1740(185)
1742(262)
1745(212)
1748(122)
1753(110)
1756(133)
1764(289)
1766(145)
1769(140)
1772(206)
1773(205)
1774(198)
1777(185)
1780(95)
1782(173)
1784(566)
1785(237)
1787(259)
1788(93)
1790(208)
1792(184)
1796(123)
1797(205)
1805(246)
1806(171)
1808(125)
1809(304)
1812(184)
1814(95)
1815(646)
1816(223)
1819(225)
1820(249)
1822(197)
1823(117)
1825(112)
1827(100)
1832(232)
1834(128)
1835(110)
1838(188)
1839(105)
1842(142)
1843(287)
1847(108)
1848(107)
1849(101)
1854(118)
1855(156)
1856(134)
1860(381)
1865(89)
1867(89)
1868(446)
1869(116)
1871(143)
1873(556)
1875(162)
1878(147)
1879(106)
1880(90)
1885(178)
1887(89)
1891(131)
1897(172)
1898(246)
1900(251)
1902(106)
1904(257)
1906(176)
1910(115)
1911(121)
1912(109)
1915(95)
1916(134)
1921(124)
1923(157)
1925(157)
1930(191)
1931(370)
1939(244)
1940(296)
1949(94)
1952(170)
1957(278)
1959(139)
1963(142)
1965(221)
1967(240)
1972(136)
1973(182)
1974(359)
1976(90)
1977(272)
1981(127)
1982(164)
1987(579)
1988(470)
1991(121)
1992(272)
1995(234)
1997(219)
2003(210)
2005(180)
2012(216)
2013(146)
2015(91)
2016(368)
2027(168)
2031(101)
2034(129)
2035(130)
2040(137)
2044(115)
2047(577)
2049(144)
2050(134)
2052(447)
2053(219)
2054(264)
2055(293)
2057(398)
2059(170)
2061(114)
2062(123)
2065(194)
2066(332)
2070(154)
2076(305)
2080(149)
2081(466)
2085(170)
2092(314)
2098(202)
2102(92)
2104(229)
2111(132)
2112(108)
2114(218)
2116(370)
2117(93)
2118(203)
2119(504)
2120(133)
2123(163)
2127(104)
2128(125)
2130(168)
2131(100)
2134(96)
2136(446)
2138(99)
2139(96)
2148(214)
2151(180)
2152(107)
2155(146)
2162(98)
2165(275)
2167(103)
2168(255)
2169(474)
2170(144)
2171(98)
2172(116)
2178(241)
2181(113)
2183(166)
2185(454)
2187(232)
2188(366)
2189(231)
2192(302)
2200(572)
2202(148)
2203(173)
2209(385)
2211(167)
2213(254)
2215(142)
2216(323)
2224(116)
2225(105)
2226(233)
2234(110)
2236(120)
2237(105)
2239(1566)
2240(192)
2241(193)
2242(409)
2243(136)
2244(107)
2246(111)
2251(103)
2255(321)
2260(247)
2264(197)
2268(112)
2270(159)
2272(108)
2274(104)
2277(235)
2282(116)
2284(138)
2285(500)
2287(214)
2298(150)
2300(158)
2301(115)
2311(130)
2316(93)
2326(329)
2327(146)
2328(161)
2330(469)
2336(124)
2338(116)
2344(409)
2345(307)
2351(222)
2352(161)
2353(114)
2354(366)
2364(134)
2365(287)
2371(250)
2375(93)
2376(296)
2377(100)
2379(182)
2381(100)
2384(538)
2389(268)
2390(198)
2391(98)
2394(120)
2395(246)
2396(115)
2400(459)
2403(137)
2407(227)
2409(165)
2414(205)
2418(171)
2421(247)
2425(167)
2426(297)
2431(115)
2432(124)
2437(125)
2438(542)
2441(283)
2442(241)
2450(107)
2459(128)
2464(97)
2465(295)
2469(316)
2470(189)
2472(166)
2476(93)
2477(173)
2478(119)
2481(185)
2482(110)
2487(96)
2490(89)
2493(380)
2494(173)
2496(305)
2497(96)
2502(104)
2506(419)
2507(205)
2512(92)
2514(141)
2515(173)
2516(376)
2520(177)
2522(120)
2524(406)
2525(335)
2528(143)
2529(237)
2536(112)
2538(207)
2539(109)
2541(91)
2542(92)
2544(116)
2545(116)
2547(122)
2551(126)
2553(339)
2555(201)
2556(114)
2558(126)
2560(136)
2562(245)
2570(146)
2574(263)
2575(136)
2589(112)
2593(105)
2594(117)
2597(275)
2599(139)
2600(203)
2608(92)
2610(89)
2613(130)
2615(106)
2618(111)
2622(198)
2624(145)
2625(154)
2626(271)
2627(344)
2630(307)
2631(133)
2632(110)
2634(331)
2635(239)
2636(280)
2639(90)
2640(135)
2650(99)
2652(115)
2655(175)
2658(93)
2662(130)
2663(113)
2664(202)
2665(90)
2666(108)
2668(103)
2670(181)
2672(105)
2674(395)
2675(164)
2685(164)
2693(130)
2695(96)
2703(129)
2707(220)
2709(176)
2710(126)
2713(108)
2716(133)
2721(161)
2722(161)
2724(237)
2727(125)
2729(223)
2734(95)
2742(139)
2743(116)
2747(213)
2748(105)
2750(273)
2761(141)
2764(255)
2765(126)
2768(153)
2770(144)
2772(139)
2776(400)
2777(106)
2784(132)
2786(135)
2787(136)
2788(97)
2789(214)
2793(287)
2794(181)
2801(177)
2803(108)
2806(172)
2809(134)
2811(176)
2813(168)
2814(89)
2815(144)
2816(241)
2818(104)
2819(135)
2821(163)
2823(164)
2831(155)
2832(130)
2834(98)
2835(245)
2837(97)
2838(121)
2841(159)
2843(182)
2844(239)
2852(110)
2853(139)
2854(158)
2855(154)
2856(183)
2857(254)
2862(177)
2871(152)
2874(95)
2875(222)
2877(165)
2879(139)
2880(436)
2881(155)
2891(89)
2892(180)
2893(123)
2894(119)
2895(318)
2901(148)
2903(108)
2908(173)
2911(94)
2916(214)
2917(110)
2920(150)
2927(89)
2932(95)
2934(119)
2943(153)
2947(92)
2952(108)
2959(821)
2963(103)
2964(128)
2966(273)
2967(130)
2968(166)
2969(120)
2977(112)
2978(104)
2983(125)
2984(215)
2988(417)
2989(259)
2991(228)
2992(318)
2995(122)
2998(259)
2999(228)
3003(99)
3006(156)
3007(208)
3013(244)
3016(93)
3020(100)
3022(204)
3029(123)
3035(137)
3036(125)
3048(199)
3056(208)
3060(100)
3066(100)
3068(152)
3075(173)
3079(95)
3087(189)
3094(102)
3100(131)
3102(124)
3103(216)
3107(124)
3131(94)
3133(93)
3137(122)
3150(197)
3152(253)
3158(116)
3161(248)
3162(176)
3172(156)
3175(135)
3186(184)
3187(206)
3190(248)
3195(275)
3203(184)
3209(91)
3215(135)
3222(226)
3229(93)
3237(165)
3241(166)
3254(110)
3257(89)
3271(893)
3272(164)
3273(156)
3277(185)
3279(109)
3280(258)
3292(230)
3293(219)
3295(279)
3298(161)
3308(118)
3312(229)
3313(160)
3314(110)
3315(191)
3316(257)
3317(274)
3318(291)
3319(105)
3320(206)
3321(101)
3322(236)
3324(110)
3325(169)
3331(100)
3334(106)
3337(142)
3339(156)
3344(169)
3346(148)
3350(110)
3355(151)
3362(390)
3369(110)
3371(117)
3384(90)
3389(93)
3403(174)
3405(229)
3406(140)
3410(94)
3411(142)
3412(104)
3413(201)
3421(160)
3432(100)
3435(129)
3436(92)
3448(132)
3452(237)
3459(134)
3463(251)
3466(139)
3468(191)
3473(128)
3477(139)
3484(126)
3487(112)
3488(131)
3500(128)
3502(92)
3503(359)
3505(175)
3506(104)
3511(331)
3522(144)
3534(109)
3536(193)
3538(177)
3539(96)
3540(152)
3542(100)
3547(148)
3552(185)
3554(220)
3570(119)
3574(132)
3578(149)
3597(117)
3610(91)
3617(563)
3634(119)
3636(241)
3639(185)
3643(145)
3645(104)
3661(127)
3663(132)
3664(125)
3665(136)
3669(270)
3674(106)
3677(147)
3679(92)
3683(96)
3684(223)
3685(120)
3694(146)
3697(118)
3715(127)
3720(107)
3723(101)
3725(210)
3736(208)
3743(163)
3757(203)
3760(289)
3762(102)
3763(162)
3773(155)
3775(203)
3777(135)
3794(122)
3800(392)
3807(104)
3809(206)
3828(303)
3841(155)
3845(96)
3846(91)
3856(164)
3858(122)
3859(94)
3867(93)
3868(129)
3874(99)
3878(114)
3885(147)
3897(190)
3904(143)
3905(279)
3913(100)
3924(106)
3927(124)
3952(99)
3965(287)
3967(188)
3974(153)
3978(101)
3989(159)
4001(109)
4014(89)
4018(110)
4027(121)
4031(98)
4033(142)
4038(118)
4049(91)
4052(95)
4056(93)
4057(116)
4058(138)
4059(94)
4061(90)
4062(128)
4065(138)
4068(102)
4071(268)
4081(148)
4106(191)
4112(172)
4113(112)
4114(163)
4124(104)
4125(100)
4128(173)
4142(128)
4144(167)
4145(173)
4147(106)
4158(100)
4163(94)
4165(125)
4167(125)
4171(221)
4175(106)
4202(205)
4208(278)
4210(209)
4215(113)
4221(116)
4222(152)
4227(155)
4238(93)
4252(162)
4257(103)
4259(117)
4266(112)
4268(127)
4270(119)
4271(150)
4273(138)
4279(125)
4283(135)
4295(122)
4298(133)
4306(117)
4308(240)
4311(163)
4317(218)
4337(554)
4340(204)
4341(152)
4343(163)
4345(213)
4355(104)
4358(173)
4359(139)
4361(176)
4364(97)
4375(118)
4378(105)
4384(111)
4387(178)
4390(140)
4393(99)
4394(315)
4413(99)
4425(164)
4434(141)
4436(94)
4445(118)
4446(108)
4448(90)
4449(89)
4473(167)
4487(133)
4489(106)
4503(99)
4514(103)
4525(291)
4526(93)
4547(149)
4549(147)
4553(157)
4557(131)
4558(110)
4564(124)
4568(99)
4581(115)
4583(98)
4589(95)
4590(89)
4596(97)
4631(219)
4633(97)
4641(143)
4643(256)
4644(157)
4651(293)
4656(94)
4662(94)
4686(243)
4699(366)
4704(99)
4719(106)
4721(187)
4732(136)
4740(90)
4741(93)
4745(166)
4754(146)
4762(108)
4765(127)
4772(149)
4780(256)
4787(93)
4801(90)
4802(134)
4805(96)
4812(89)
4814(126)
4833(133)
4834(98)
4842(96)
4844(145)
4860(163)
4881(102)
4884(484)
4887(139)
4892(197)
4897(119)
4898(95)
4900(239)
4912(129)
4914(134)
4921(116)
4941(209)
4946(237)
4970(121)
4974(118)
4975(115)
4976(191)
4991(103)
4995(263)
4997(121)
5002(90)
5049(118)
5052(329)
5061(99)
5075(274)
5081(111)
5092(90)
5109(173)
5117(91)
5125(241)
5128(179)
5151(96)
5152(95)
5153(237)
5159(91)
5161(122)
5165(115)
5170(106)
5179(149)
5195(125)
5249(226)
5290(160)
5316(115)
5318(98)
5324(140)
5329(149)
5340(145)
5347(158)
5359(186)
5406(268)
5409(102)
5466(124)
5490(125)
5503(112)
5511(102)
5532(91)
5571(108)
5597(98)
5604(90)
5619(100)
5652(169)
5709(105)
5713(117)
5722(95)
5729(223)
5730(230)
5768(189)
5772(143)
5783(195)
5831(97)
5932(107)
5949(125)
5969(184)
5977(162)
6083(140)
6096(91)
6119(187)
6121(97)
6129(186)
6137(101)
6174(90)
6191(160)
6225(91)
6267(137)
6344(130)
6360(96)
6404(160)
6405(158)
6448(92)
6462(91)
6486(93)
6509(129)
6583(94)
6603(175)
6631(167)
6717(111)
6778(91)
7069(111)
7130(115)
7177(95)
7206(321)
7473(94)
7647(139)
7688(111)
7745(89)
7896(128)
7939(115)
7976(283)
8069(247)
8680(95)
8692(256)
8699(91)
8731(154)
8868(216)
8979(360)
8986(295)
9002(152)
9096(120)
9305(161)
9502(324)
9511(108)
9556(271)
9580(198)
9618(168)
9670(164)
9844(204)
9888(98)
10018(109)
10075(178)
10129(156)
10130(93)
10133(102)
10185(112)
10420(129)
10421(249)
10424(148)
10426(119)
10441(128)
10442(146)
10443(274)
10445(375)
10447(488)
10449(224)
10452(238)
10454(123)
10471(100)
10475(161)
10481(107)
10482(141)
10485(93)
10491(334)
10492(342)
10494(172)
10499(114)
10500(94)
10511(116)
10514(214)
10516(760)
10526(266)
10527(95)
10534(105)
10547(101)
10552(230)
10556(123)
10569(201)
10574(127)
10580(100)
10599(149)
10606(200)
10612(137)
10652(126)
10654(314)
10657(293)
10675(89)
10819(179)
10822(93)
10832(118)
10861(102)
10940(162)
10944(238)
11040(120)
11130(93)
11255(129)
11271(95)
11561(122)
11631(94)
11719(102)
11748(150)
11795(143)
11841(138)
12037(108)
12474(166)
12492(102)
12678(154)
12694(98)
12922(121)
12926(874)
12930(540)
12934(224)
12936(209)
12944(265)
12947(343)
12952(241)
12953(99)
12960(331)
12974(95)
12982(152)
12983(207)
12997(96)
13033(189)
13042(554)
13044(147)
13050(114)
13057(124)
13061(124)
13175(213)
13183(130)
13190(202)
13245(141)
13301(96)
13335(197)
13444(224)
13525(94)
13557(145)
14099(636)
14100(186)
14934(302)
14954(97)
15346(146)
15579(165)
15619(238)
15799(107)
15833(136)
16011(731)
16156(103)
16218(178)
16431(350)
22355(149)
36135(91)
86885(113)
89755(246)
89825(119)
94985(106)
95525(150)
95765(93)
104415(99)
104435(130)
105125(122)
106505(104)
106535(122)
124705(102)
129225(593)
129265(202)
129305(118)
129325(181)
129405(152)
129435(192)
129485(162)
129565(145)
129785(151)
129795(118)
130295(135)
130385(497)
131715(114)
131795(100)
131865(236)
133315(133)
134405(172)
134615(91)
140955(655)
140965(223)
143835(275)
146315(107)
148015(125)
148695(91)
149305(177)
150305(96)
153425(98)
155755(163)
156155(376)
158295(1007)
160075(585)
160085(583)
162145(988)
164285(329)
Time on GPU Mining: 0.182637
