1 2 4 5 8 10 11(7)
1 2 4 5 8 10(8)
1 2 4 5 8 11(11)
1 2 4 5 10 11(9)
1 2 4 5 8(6)
1 2 4 5 10(8)
1 2 4 5 11(9)
1 2 4 8 10 11(8)
1 2 4 8 10(10)
1 2 4 8 11(9)
1 2 4 10 11(11)
1 2 4 5(6)
1 2 4 8(6)
1 2 4 10(6)
1 2 4 11(7)
1 2 5 8 10 11(6)
1 2 5 8 10(9)
1 2 5 8 11(9)
1 2 5 10 11(6)
1 2 5 8(7)
1 2 5 10(6)
1 2 5 11(9)
1 2 8 10 11(6)
1 2 8 10(6)
1 2 8 11(7)
1 2 10 11(6)
1 2 4(7)
1 2 5(11)
1 2 8(10)
1 2 10(10)
1 2 11(6)
1 4 5 8 10 11(7)
1 4 5 8 10(8)
1 4 5 8 11(7)
1 4 5 10 11(9)
1 4 5 8(7)
1 4 5 10(9)
1 4 5 11(5)
1 4 8 10 11(6)
1 4 8 10(6)
1 4 8 11(6)
1 4 10 11(6)
1 4 5(7)
1 4 8(9)
1 4 10(9)
1 4 11(4)
1 5 8 10 11(7)
1 5 8 10(5)
1 5 8 11(6)
1 5 10 11(7)
1 5 8(10)
1 5 10(11)
1 5 11(7)
1 8 10 11(6)
1 8 10(14)
1 8 11(7)
1 10 11(8)
1 2(8)
1 4(8)
1 5(9)
1 8(9)
1 10(8)
1 11(8)
2 4 5 8 10 11(10)
2 4 5 8 10(10)
2 4 5 8 11(10)
2 4 5 10 11(10)
2 4 5 8(9)
2 4 5 10(9)
2 4 5 11(10)
2 4 8 10 11(9)
2 4 8 10(9)
2 4 8 11(10)
2 4 10 11(9)
2 4 5(11)
2 4 8(14)
2 4 10(10)
2 4 11(9)
2 5 8 10 11(6)
2 5 8 10(10)
2 5 8 11(10)
2 5 10 11(9)
2 5 8(10)
2 5 10(11)
2 5 11(7)
2 8 10 11(5)
2 8 10(10)
2 8 11(9)
2 10 11(7)
2 4(11)
2 5(10)
2 8(11)
2 10(10)
2 11(11)
4 5 8 10 11(8)
4 5 8 10(7)
4 5 8 11(8)
4 5 10 11(6)
4 5 8(11)
4 5 10(10)
4 5 11(10)
4 8 10 11(8)
4 8 10(10)
4 8 11(11)
4 10 11(14)
4 5(10)
4 8(10)
4 10(10)
4 11(10)
5 8 10 11(8)
5 8 10(10)
5 8 11(10)
5 10 11(11)
5 8(11)
5 10(9)
5 11(9)
8 10 11(5)
8 10(9)
8 11(10)
10 11(11)
1(1)
2(2)
4(2)
5(1)
8(2)
10(1)
11(1)
