33 39 40 49(1234)
33 39 40(1831)
33 39 49(1640)
33 40 42 49(1636)
33 40 42(2343)
33 40 49(5340)
33 42 49(2052)
33 39(2825)
33 40(8339)
33 42(3168)
33 49(7884)
37 39 40 49(1050)
37 39 40(1892)
37 39 49(1320)
37 40 49(1080)
37 39(2748)
37 40(1977)
37 49(1368)
38 39(1025)
39 40 42 49(1985)
39 40 49 111(979)
39 40 49 171(1166)
39 40 42(3033)
39 40 49(6067)
39 40 111(1603)
39 40 171(1924)
39 42 49(2368)
39 49 111(1277)
39 49 171(1494)
39 40(10282)
39 42(3877)
39 49(7898)
39 111(2417)
39 171(2846)
39 287(996)
40 42 49(7272)
40 49 66(1781)
40 49 90(2102)
40 49 102(941)
40 49 111(985)
40 49 171(1178)
40 49 226(1386)
40 49 238(1234)
40 49 311(1334)
40 49 476(1078)
40 42(11264)
40 49(28490)
40 61(972)
40 66(2753)
40 80(1093)
40 90(2703)
40 102(1393)
40 111(1620)
40 148(1128)
40 171(1958)
40 226(2313)
40 238(1905)
40 256(1031)
40 271(1177)
40 272(1374)
40 311(1821)
40 414(1118)
40 439(1199)
40 476(1472)
40 534(901)
40 1147(940)
40 1328(1072)
40 2239(1197)
42 49(8909)
42 66(991)
49 66(2506)
49 80(882)
49 90(2767)
49 102(1303)
49 111(1296)
49 148(1032)
49 171(1511)
49 226(1719)
49 238(1667)
49 256(1038)
49 271(948)
49 272(1067)
49 311(1675)
49 414(1128)
49 439(983)
49 476(1407)
49 1328(923)
49 2239(913)
10(1372)
20(1004)
32(908)
33(14888)
37(2934)
38(1073)
39(15534)
40(49618)
42(14756)
46(907)
49(41178)
50(1099)
61(1475)
66(4427)
79(1042)
80(1565)
90(3765)
102(2226)
111(2478)
118(1022)
124(1287)
148(1764)
162(979)
171(2894)
176(958)
180(992)
186(1362)
202(1126)
226(3192)
238(2989)
243(882)
250(1149)
256(1432)
259(980)
271(1703)
272(1998)
287(1033)
302(1189)
311(2554)
339(1265)
365(1229)
414(1856)
439(1778)
455(1097)
476(2125)
480(916)
523(960)
534(1456)
549(1108)
590(1097)
593(1193)
605(1188)
678(1098)
741(1135)
784(955)
825(1197)
957(902)
1005(1092)
1147(1354)
1328(1655)
1394(1122)
2239(1566)
3271(893)
158295(1007)
162145(988)
