40 2081(272)
40 2085(93)
40 2092(195)
40 2098(132)
40 2104(143)
40 2114(165)
40 2116(210)
40 2118(112)
40 2119(301)
40 2123(100)
40 2130(108)
40 2136(304)
40 2148(133)
40 2151(121)
40 2155(91)
40 2165(176)
40 2168(176)
40 2169(287)
40 2178(159)
40 2183(96)
40 2185(291)
40 2187(137)
40 2188(216)
40 2189(138)
40 2192(172)
40 2200(336)
40 2202(92)
40 2203(98)
40 2209(225)
40 2211(100)
40 2213(147)
40 2216(160)
40 2226(138)
40 2239(1197)
40 2240(127)
40 2241(117)
40 2242(278)
40 2255(201)
40 2260(166)
40 2264(113)
40 2270(105)
40 2277(117)
40 2285(346)
40 2287(135)
40 2298(92)
40 2326(200)
40 2327(92)
40 2328(94)
40 2330(262)
40 2344(226)
40 2345(196)
40 2351(136)
40 2352(104)
40 2354(240)
40 2365(162)
40 2371(138)
40 2376(181)
40 2379(124)
40 2384(356)
40 2389(208)
40 2390(115)
40 2395(151)
40 2400(273)
40 2407(140)
40 2409(120)
40 2414(122)
40 2418(96)
40 2421(155)
40 2425(89)
40 2426(162)
40 2438(295)
40 2441(193)
40 2442(143)
40 2465(184)
40 2469(200)
40 2470(123)
40 2472(102)
40 2477(127)
40 2481(135)
40 2493(212)
40 2494(107)
40 2496(187)
40 2506(291)
40 2507(118)
40 2514(90)
40 2515(100)
40 2516(189)
40 2520(98)
40 2524(239)
40 2525(186)
40 2529(148)
40 2538(126)
40 2551(91)
40 2553(186)
40 2555(127)
40 2562(123)
40 2574(168)
40 2575(91)
40 2597(148)
40 2600(148)
40 2622(114)
40 2625(94)
40 2626(157)
40 2627(194)
40 2630(193)
40 2631(91)
40 2634(186)
40 2635(141)
40 2636(175)
40 2655(98)
40 2664(142)
40 2670(110)
40 2674(239)
40 2685(101)
40 2707(133)
40 2709(128)
40 2716(94)
40 2721(96)
40 2724(120)
40 2729(137)
40 2747(147)
40 2750(174)
40 2761(101)
40 2764(157)
40 2768(96)
40 2772(107)
40 2776(244)
40 2786(89)
40 2789(127)
40 2793(208)
40 2794(111)
40 2801(117)
40 2806(120)
40 2811(114)
40 2813(110)
40 2816(130)
40 2819(100)
40 2823(106)
40 2831(111)
40 2835(89)
40 2841(116)
40 2843(111)
40 2844(137)
40 2854(100)
40 2855(105)
40 2856(111)
40 2857(162)
40 2862(111)
40 2871(104)
40 2875(132)
40 2877(101)
40 2880(268)
40 2881(100)
40 2892(89)
40 2895(174)
40 2916(140)
40 2959(600)
40 2966(170)
40 2968(97)
40 2984(139)
40 2988(231)
40 2989(150)
40 2991(123)
40 2992(199)
40 2998(157)
40 2999(153)
40 3006(120)
40 3007(124)
40 3013(153)
40 3022(119)
40 3048(120)
40 3056(112)
40 3075(104)
40 3087(120)
40 3103(135)
40 3107(89)
40 3150(140)
40 3152(145)
40 3161(142)
40 3162(100)
40 3172(107)
40 3186(108)
40 3187(136)
40 3190(135)
40 3195(136)
40 3203(125)
40 3222(124)
40 3237(110)
40 3241(98)
40 3271(538)
40 3272(94)
40 3273(104)
40 3277(124)
40 3280(167)
40 3292(147)
40 3293(113)
40 3295(193)
40 3298(94)
40 3312(146)
40 3313(94)
40 3315(107)
40 3316(162)
40 3317(156)
40 3318(167)
40 3320(120)
40 3322(149)
40 3325(110)
40 3337(107)
40 3339(101)
40 3362(224)
40 3403(117)
40 3405(146)
40 3413(127)
40 3421(101)
40 3452(146)
40 3463(151)
40 3503(232)
40 3505(103)
40 3511(212)
40 3522(91)
40 3536(136)
40 3538(118)
40 3540(98)
40 3547(95)
40 3552(105)
40 3554(126)
40 3617(368)
40 3636(149)
40 3639(111)
40 3643(98)
40 3669(163)
40 3684(135)
40 3725(95)
40 3736(112)
40 3743(100)
40 3757(93)
40 3760(207)
40 3763(105)
40 3773(101)
40 3775(125)
40 3800(266)
40 3809(131)
40 3828(220)
40 3841(105)
40 3856(94)
40 3858(97)
40 3868(89)
40 3897(118)
40 3904(103)
40 3905(238)
40 3965(194)
40 3967(126)
40 3974(102)
40 3989(104)
40 4062(89)
40 4071(170)
40 4081(93)
40 4106(132)
40 4112(103)
40 4114(89)
40 4128(93)
40 4145(106)
40 4171(126)
40 4202(111)
40 4208(160)
40 4210(125)
40 4222(104)
40 4227(93)
40 4271(95)
40 4279(90)
40 4298(99)
40 4308(145)
40 4311(93)
40 4317(131)
40 4337(325)
40 4340(129)
40 4343(109)
40 4345(156)
40 4358(89)
40 4361(95)
40 4387(109)
40 4394(180)
40 4425(89)
40 4434(102)
40 4473(97)
40 4525(168)
40 4549(96)
40 4557(91)
40 4631(133)
40 4641(96)
40 4643(136)
40 4651(160)
40 4686(147)
40 4699(237)
40 4721(136)
40 4745(97)
40 4754(92)
40 4765(89)
40 4772(99)
40 4780(135)
40 4802(96)
40 4860(102)
40 4884(288)
40 4887(100)
40 4892(118)
40 4900(173)
40 4914(103)
40 4941(127)
40 4946(126)
40 4976(146)
40 4995(161)
40 5052(193)
40 5075(172)
40 5109(107)
40 5125(131)
40 5128(107)
40 5153(153)
40 5249(142)
40 5290(107)
40 5324(96)
40 5329(90)
40 5347(91)
40 5359(138)
40 5406(161)
40 5652(130)
40 5729(171)
40 5730(175)
40 5768(120)
40 5783(123)
40 5969(116)
40 5977(100)
40 6083(89)
40 6119(117)
40 6129(127)
40 6191(96)
40 6404(90)
40 6603(106)
40 6631(106)
40 7206(187)
40 7647(92)
40 7976(153)
40 8069(173)
40 8692(172)
40 8731(111)
40 8868(128)
40 8979(262)
40 8986(207)
40 9002(112)
40 9305(96)
40 9502(217)
40 9556(157)
40 9580(131)
40 9618(101)
40 9670(109)
40 9844(131)
40 10075(126)
40 10129(105)
40 10421(164)
40 10424(100)
40 10442(95)
40 10443(161)
40 10445(229)
40 10447(298)
40 10449(128)
40 10452(132)
40 10475(91)
40 10491(205)
40 10492(214)
40 10494(97)
40 10514(119)
40 10516(457)
40 10526(165)
40 10552(143)
40 10569(125)
40 10599(107)
40 10606(148)
40 10612(92)
40 10654(185)
40 10657(165)
40 10819(100)
40 10940(98)
40 10944(117)
40 11748(104)
40 11841(105)
40 12474(108)
40 12926(548)
40 12930(353)
40 12934(146)
40 12936(150)
40 12944(159)
40 12947(219)
40 12952(165)
40 12960(179)
40 12983(121)
40 13033(112)
40 13042(360)
40 13044(90)
40 13175(127)
40 13190(116)
40 13245(90)
40 13335(111)
40 13444(132)
40 13557(100)
40 14099(402)
40 14100(111)
40 14934(197)
40 15579(113)
40 15619(139)
40 15833(90)
40 16011(471)
40 16218(108)
40 16431(186)
40 22355(90)
40 89755(171)
40 129225(390)
40 129265(117)
40 129325(117)
40 129405(94)
40 129435(120)
40 129485(118)
40 130385(328)
40 131865(150)
40 134405(97)
40 140955(399)
40 140965(131)
40 143835(154)
40 149305(123)
40 155755(120)
40 156155(213)
40 158295(628)
40 160075(358)
40 160085(372)
40 162145(620)
40 164285(180)
41 49(98)
42 46 49(109)
42 49 271 272(121)
42 49 16011 160085(142)
42 49 50(177)
42 49 54(90)
42 49 56(103)
42 49 61(160)
42 49 66(661)
42 49 77(154)
42 49 79(167)
42 49 80(330)
42 49 90(604)
42 49 102(330)
42 49 104(110)
42 49 106(101)
42 49 108(129)
42 49 111(409)
42 49 118(168)
42 49 124(167)
42 49 148(280)
42 49 157(110)
42 49 162(125)
42 49 171(481)
42 49 176(188)
42 49 180(161)
42 49 186(209)
42 49 187(114)
42 49 202(182)
42 49 209(149)
42 49 226(530)
42 49 230(144)
42 49 238(372)
42 49 250(183)
42 49 256(269)
42 49 259(192)
42 49 260(99)
42 49 262(89)
42 49 265(157)
42 49 268(94)
42 49 270(110)
42 49 271(313)
42 49 272(341)
42 49 280(99)
42 49 287(155)
42 49 298(92)
42 49 302(172)
42 49 311(543)
42 49 339(172)
42 49 341(113)
42 49 353(119)
42 49 372(98)
42 49 375(104)
42 49 385(92)
42 49 390(121)
42 49 397(115)
42 49 406(106)
42 49 408(116)
42 49 414(286)
42 49 427(94)
42 49 439(290)
42 49 450(96)
42 49 465(135)
42 49 476(426)
42 49 480(131)
42 49 489(102)
42 49 523(143)
42 49 534(242)
42 49 536(108)
42 49 545(137)
42 49 549(176)
42 49 550(138)
42 49 571(148)
42 49 572(96)
42 49 590(138)
42 49 593(205)
42 49 605(198)
42 49 624(101)
42 49 650(135)
42 49 676(89)
42 49 678(164)
42 49 682(103)
42 49 704(90)
42 49 741(108)
42 49 767(120)
42 49 773(101)
42 49 784(139)
42 49 790(134)
42 49 791(135)
42 49 794(91)
42 49 799(99)
42 49 807(98)
42 49 810(99)
42 49 813(104)
42 49 825(217)
42 49 847(104)
42 49 856(95)
42 49 879(92)
42 49 914(101)
42 49 917(89)
42 49 957(152)
42 49 962(98)
42 49 977(121)
42 49 1005(128)
42 49 1068(109)
42 49 1122(90)
42 49 1136(135)
42 49 1147(309)
42 49 1199(147)
42 49 1328(299)
42 49 1345(164)
42 49 1394(150)
42 49 1436(105)
42 49 1579(112)
42 49 1601(118)
42 49 1660(100)
42 49 1716(127)
42 49 1784(103)
42 49 1815(107)
42 49 1860(97)
42 49 1873(107)
42 49 1987(96)
42 49 2185(101)
42 49 2200(101)
42 49 2239(357)
42 49 2438(112)
42 49 2959(189)
42 49 3271(152)
42 49 3617(122)
42 49 8979(130)
42 49 10516(109)
42 49 13042(162)
42 49 14099(98)
42 49 16011(178)
42 49 130385(102)
42 49 158295(217)
42 49 160075(137)
42 49 160085(147)
42 49 162145(237)
42 226 272(113)
42 226 2239(114)
42 271 272(210)
42 271 2239(90)
42 1147 3617(90)
42 16011 160085(213)
42 16431 164285(97)
42 46(172)
42 48(90)
42 49(8909)
42 50(220)
42 53(108)
42 54(127)
42 56(170)
42 57(118)
42 61(262)
42 63(101)
42 66(991)
42 76(91)
42 77(217)
42 79(201)
42 80(494)
42 81(99)
42 90(728)
42 95(143)
42 102(475)
42 104(172)
42 106(146)
42 108(176)
42 111(639)
42 118(263)
42 124(234)
42 137(117)
42 148(436)
42 151(119)
42 156(101)
42 157(160)
42 162(205)
42 171(774)
42 176(292)
42 177(101)
42 179(101)
42 180(223)
42 186(295)
42 187(144)
42 190(103)
42 202(251)
42 204(95)
42 209(210)
42 210(97)
42 226(862)
42 230(188)
42 238(593)
42 243(117)
42 247(115)
42 250(256)
42 252(125)
42 256(329)
42 259(253)
42 260(154)
42 261(139)
42 262(119)
42 265(202)
42 268(133)
42 270(154)
42 271(504)
42 272(568)
42 273(129)
42 280(153)
42 282(113)
42 287(256)
42 298(126)
42 302(255)
42 311(709)
42 320(105)
42 335(118)
42 339(253)
42 341(163)
42 342(90)
42 346(94)
42 353(169)
42 366(120)
42 371(106)
42 372(167)
42 375(156)
42 380(135)
42 385(142)
42 390(187)
42 391(101)
42 397(179)
42 399(124)
42 406(158)
42 408(152)
42 413(90)
42 414(412)
42 421(129)
42 426(113)
42 427(124)
42 433(133)
42 439(413)
42 442(97)
42 450(149)
42 455(131)
42 465(193)
42 476(566)
42 480(202)
42 489(144)
42 491(93)
42 515(100)
42 523(211)
42 534(327)
42 536(172)
42 545(196)
42 549(241)
42 550(194)
42 571(198)
42 572(119)
42 582(112)
42 590(214)
42 592(110)
42 593(299)
42 605(283)
42 624(151)
42 650(197)
42 665(131)
42 676(129)
42 678(227)
42 682(155)
42 704(131)
42 705(120)
42 716(90)
42 735(90)
42 741(198)
42 752(98)
42 767(171)
42 773(143)
42 784(201)
42 790(187)
42 791(198)
42 794(130)
42 799(117)
42 807(170)
42 809(131)
42 810(132)
42 813(156)
42 825(315)
42 832(98)
42 841(95)
42 847(178)
42 856(146)
42 857(92)
42 866(131)
42 879(144)
42 886(110)
42 911(119)
42 914(137)
42 917(121)
42 948(127)
42 957(225)
42 962(126)
42 977(183)
42 979(92)
42 980(118)
42 1001(89)
42 1005(195)
42 1028(91)
42 1044(106)
42 1063(91)
42 1068(143)
42 1114(101)
42 1122(135)
42 1127(98)
42 1136(153)
42 1145(115)
42 1147(489)
42 1199(210)
42 1240(120)
42 1278(91)
42 1328(435)
42 1345(251)
42 1356(136)
42 1394(213)
42 1418(108)
42 1426(90)
42 1436(143)
42 1480(89)
42 1487(109)
42 1530(89)
42 1544(109)
42 1558(111)
42 1579(163)
42 1586(105)
42 1594(91)
42 1601(191)
42 1620(96)
42 1660(127)
42 1678(102)
42 1694(90)
42 1699(94)
42 1705(98)
42 1715(120)
42 1716(186)
42 1784(147)
42 1815(145)
42 1860(154)
42 1873(155)
42 1987(141)
42 1988(121)
42 2047(123)
42 2057(98)
42 2081(99)
42 2119(104)
42 2136(108)
42 2169(150)
42 2185(143)
42 2188(97)
42 2200(140)
42 2209(116)
42 2239(534)
42 2255(99)
42 2285(117)
42 2326(94)
42 2330(102)
42 2384(113)
42 2438(151)
42 2441(95)
42 2506(92)
42 2553(97)
42 2634(89)
42 2674(114)
42 2959(204)
42 3271(201)
42 3362(97)
42 3511(90)
42 3617(189)
42 3905(107)
42 4337(124)
42 4699(91)
42 4884(90)
42 5730(100)
42 8979(184)
42 10445(97)
42 10447(104)
42 10491(89)
42 10516(147)
42 12926(115)
42 12930(111)
42 13042(231)
42 14099(130)
42 16011(265)
42 16431(104)
42 89755(106)
42 130385(159)
42 156155(103)
42 158295(358)
42 160075(202)
42 160085(220)
42 162145(362)
42 164285(98)
44 49(125)
45 49(115)
46 49(487)
48 49(272)
49 61 66(95)
49 61 90(111)
49 66 90(243)
49 66 102(127)
49 66 148(101)
49 66 202(97)
49 66 226(141)
49 66 238(151)
49 66 256(102)
49 66 272(110)
49 66 311(163)
49 66 414(104)
49 66 476(115)
49 79 90(108)
49 90 102(149)
49 90 171(140)
49 90 226(131)
49 90 238(174)
49 90 311(189)
49 90 339(95)
49 90 414(108)
49 90 476(121)
49 90 534(94)
49 90 593(90)
49 102 311(94)
49 102 414(101)
49 108 549(104)
49 108 550(105)
49 108 962(89)
49 108 1068(105)
49 118 977(168)
49 165 166(118)
49 171 238(102)
49 176 807(94)
49 226 238(109)
49 226 271(174)
49 226 272(216)
49 226 311(116)
49 226 2239(217)
49 238 250(103)
49 238 311(129)
49 238 476(126)
49 250 1145(98)
49 271 272(361)
49 271 2239(140)
49 272 2239(146)
49 310 1380(94)
49 406 10516(140)
49 549 550(98)
49 796 1819(94)
49 796 1820(108)
49 1147 3617(144)
49 1379 1380(92)
